0
917449049
517547757
0
287154792
0
51116984
0
59692031
0
857922276
626291299
597958503
295724991
767375884
588990605
578153559
0
91857844
594484881
0
318861796
0
741663767
0
549478516
687093346
916210921
795095014
638948153
0
0
0
516802874
707187818
281409300
0
0
366462420
0
827979659
0
344540870
464245795
512390956
887239521
0
888497086
29680116
2245
770488504
862524413
30965633
0
872655480
0
619453582
0
0
121907499
458858832
159120907
941886264
0
157783929
1424430
0
0
0
0
0
993310788
987418510
0
0
249547673
384442490
140684817
0
0
855800903
170909328
0
0
409212
0
639124248
0
0
353389134
52100644
976900618
0
0
0
0
725802669
825114852
911722683
43262493
0
51743892
800
0
887123588
190694436
142622490
540875857
984595629
0
0
232533952
685085623
0
565505633
859872205
0
0
0
409107545
126121114
3349544
387048101
0
0
558436575
0
0
622677958
820214704
1514492
906495245
527371633
670215221
0
0
0
2813
36796168
0
507613906
0
0
0
868297088
847133877
0
713304340
373444627
0
925349989
279132455
692804005
0
792774569
377600777
0
0
0
955946917
958039400
238146060
614963301
0
0
324267950
0
0
0
0
0
227060
142761921
757051210
1682
95318380
24658954
0
146380492
593535987
190547753
0
774823379
158133977
340999201
791204355
0
437801667
0
451693682
23042863
0
410729052
0
49590
621722123
0
2430900
446590442
601542
