3 3
1580 370
2937 1986
2565 2522
434 755
865 896
450 976
3 3
1150 850
1627 1376
1200 1309
69 149
85 106
126 124
3 3
145 77
203 200
152 160
76 149
131 103
83 151
3 3
321 261
701 492
485 958
43 128
126 27
74 147
3 3
414 84
636 461
516 672
104 158
117 131
122 192
3 3
87 114
88 97
143 108
830 479
972 381
1426 1053
3 3
274 560
381 434
561 563
2722 1715
4362 3285
2841 5586
3 3
2126 4068
5335 3008
4124 4029
2569 3862
4012 1985
3850 4014
3 3
56 43
93 89
86 100
281 602
1639 1437
1353 1713
3 3
2176 3704
2499 3558
2435 4177
154 200
161 158
193 196
3 3
1191 3016
1745 2124
2346 2262
60 92
81 73
132 132
3 3
243 466
362 355
382 356
1741 3346
2009 2260
1962 3766
3 3
104 247
239 129
254 321
1526 624
2010 3632
1596 2388
3 3
520 1041
1067 1133
1142 1805
272 383
942 457
1026 560
3 3
114 136
117 138
151 172
39 58
81 18
54 70
3 3
435 474
574 396
450 702
76 187
230 34
258 38
3 3
497 598
1383 558
604 649
54 58
91 59
90 94
3 3
856 1466
2124 426
1921 1209
62 74
114 80
107 103
3 3
817 3094
2415 2485
1931 2725
1919 2657
2278 1959
2310 2036
3 3
1168 1219
1452 786
1528 1445
32 64
83 44
102 101
3 3
193 241
205 154
209 221
15 60
58 83
35 90
3 3
567 562
802 376
746 733
221 238
258 228
252 230
3 3
1949 1640
3383 2339
2733 3689
176 169
196 194
195 228
3 3
688 1212
1143 748
1006 1100
47 13
56 56
49 121
3 3
986 1788
1779 2162
1159 2078
4853 4706
5269 2609
5939 3040
3 3
289 379
368 310
374 577
2457 2801
3749 3950
3035 3474
3 3
307 273
508 398
528 414
93 113
129 197
112 219
3 3
482 562
597 398
514 740
3973 2998
5450 3614
6376 4701
3 3
49 97
75 38
84 59
1716 2810
2592 1423
2211 2822
3 3
1032 675
2858 1680
3010 2318
191 236
303 134
248 359
3 3
567 1251
1461 1084
1604 1269
239 272
531 242
485 364
3 3
387 240
617 374
481 364
45 77
79 67
100 97
3 3
408 913
756 533
865 1015
72 207
183 71
133 155
3 3
75 177
97 158
148 124
59 160
128 120
140 115
3 3
1325 2351
2651 1716
2224 2014
885 2050
2793 493
1859 1645
3 3
1590 3804
1832 3308
3151 3178
1633 1389
2806 2791
1725 2503
3 3
1718 1458
4714 3140
4751 5893
29 61
48 50
82 84
3 3
113 55
149 96
129 176
1516 2412
4056 2870
2364 2758
3 3
54 79
106 83
116 101
1284 1035
1586 1196
1546 1241
3 3
688 974
846 841
774 1419
45 100
64 50
73 74
3 3
98 134
376 293
303 269
951 1508
1551 944
1808 1366
3 3
773 1180
1139 892
1278 1654
2879 4377
3479 3854
4889 3744
3 3
1049 1223
1597 1619
1330 1810
26 50
71 106
48 100
3 3
1069 2547
1193 1437
2331 2014
459 553
1058 792
1103 835
3 3
71 188
181 137
254 176
63 58
91 52
73 60
3 3
175 115
289 136
267 137
725 761
1233 490
1423 1178
3 3
559 358
843 759
568 733
2251 4786
5419 4485
4366 4700
3 3
2529 5027
6208 5462
4202 5844
1059 865
1796 1870
1094 1798
3 3
161 128
210 120
280 149
702 1075
1135 610
937 1256
3 3
2620 2152
3030 2870
2970 3252
1439 3416
4635 2779
3007 3955
3 3
145 188
204 120
173 213
323 410
507 336
749 310
3 3
149 159
169 190
184 233
2419 2179
3490 2844
5861 5610
3 3
148 152
215 224
166 209
681 533
935 750
699 625
3 3
184 228
193 199
205 202
364 257
445 329
395 409
3 3
1170 1081
1614 1401
1291 1606
976 927
1391 1840
1388 2979
3 3
190 174
258 285
213 252
3797 4382
4927 4233
4336 6681
3 3
1634 2810
2767 960
2490 2484
22 45
69 49
39 71
3 3
2740 3649
3121 2846
3489 3873
2096 2683
4178 2592
2584 3055
3 3
657 975
683 838
785 723
101 134
103 111
109 155
3 3
392 352
598 395
608 509
561 809
1037 1077
956 1272
3 3
296 556
651 337
688 608
40 57
63 51
85 51
3 3
367 479
433 133
450 383
21 176
76 112
85 116
3 3
713 1176
890 684
1034 1357
2533 2349
4904 3521
5014 4268
3 3
224 227
455 292
341 270
72 115
78 54
113 71
3 3
1929 2733
2724 1619
2569 2488
385 474
616 517
426 499
3 3
556 803
764 551
809 770
1904 5180
2644 3753
2197 5689
3 3
123 152
133 118
185 73
179 332
348 246
521 384
3 3
446 554
1140 614
814 702
306 590
356 501
540 366
3 3
1123 890
1336 1558
1138 1249
125 186
188 197
204 283
3 3
1073 1556
2907 2131
2538 2318
378 547
437 460
621 960
3 3
2531 4575
3004 3573
3175 3870
129 146
139 97
149 210
3 3
2633 3285
3746 4774
4439 8006
1020 699
1072 621
1296 669
3 3
171 264
230 193
219 220
145 202
185 158
239 204
3 3
2800 3834
2824 2531
3406 2299
51 50
60 58
56 94
3 3
125 233
207 57
244 213
374 546
1188 1089
965 1051
3 3
651 562
700 145
684 571
1466 536
1969 1302
1618 1122
3 3
1216 1462
1984 822
1752 1034
253 413
524 149
253 526
3 3
210 329
260 390
230 411
458 162
668 1157
577 990
3 3
189 433
318 230
294 375
74 154
226 319
102 292
3 3
109 176
132 125
136 143
893 454
1529 867
1239 1319
3 3
1974 2502
4320 4471
2908 5053
124 235
147 105
163 197
3 3
404 368
467 440
404 428
337 423
406 271
724 255
3 3
361 405
525 376
542 513
191 211
280 165
237 246
3 3
222 197
327 102
282 260
1206 3191
8888 4592
5431 5406
3 3
2284 1318
3500 3484
3559 4185
2195 2998
3763 2645
4327 3212
3 3
143 335
212 111
267 243
60 78
71 65
72 74
3 3
584 628
732 709
782 816
761 552
917 521
820 708
3 3
497 939
815 689
782 897
526 1406
863 172
918 1029
3 3
79 67
84 103
81 132
668 1478
801 655
1296 1334
3 3
162 227
218 219
355 240
96 136
100 88
100 89
3 3
58 73
117 55
64 85
139 368
243 144
286 364
3 3
765 2214
1434 2092
2227 2746
473 1646
1304 1675
1453 1744
3 3
312 402
376 322
501 185
234 455
461 276
345 614
3 3
1581 4062
3520 2649
3517 3479
92 181
190 230
126 206
3 3
437 565
714 168
1179 992
312 399
577 416
544 545
3 3
2255 3021
4156 1937
3352 5022
3357 986
4215 2956
3401 4905
3 3
73 86
87 51
94 64
164 110
187 117
211 155
3 3
865 1271
986 1069
1151 1025
1942 1315
3100 3003
2802 3470
3 3
120 117
147 108
180 99
203 465
572 841
230 539
3 3
126 279
349 181
182 306
109 521
411 135
404 238
0 0
