1.366942420875
4.596916982843
0.419060744196
2.982484264746
4.905023171576
0.022169103862
0.032849219355
0.314343241671
0.013923905570
5.231903154081
5.335516745786
0.011456476166
0.059780825230
0.700935723655
0.011363636364
0.707150696133
1.483861291097
9.263888888889
0.098981570587
5.080197608385
0.286781179985
5.809075816270
33.512092534175
1.929216265878
0.090881245859
0.063617002396
0.034511013641
0.026701274431
0.021493144944
1.890548453069
1.267841592648
1.764236649679
2.846666848137
0.219246031746
0.127796116535
0.213069569799
38.984978949574
0.012332840020
0.082702602917
4.152806705613
0.019568424058
0.194676555418
8.524085402909
1.727183909459
3.974702380952
0.007737567502
0.075886601192
0.594793881163
0.024447131997
0.053416431504
0.092529711375
0.002934119727
0.225227637922
0.093796898449
0.249445619366
0.011854437334
12.077923886446
0.293372797646
1.537513997760
0.257365171863
8.400418780704
1.230862296524
0.119188532443
0.160762378289
1.777534225900
0.119758260588
0.043581773692
0.475716241091
1.672001207821
0.684335552268
3.906479416702
1.890203628711
0.119552414605
21.921954628848
0.102795676021
0.057431708353
0.123484013230
0.070137840339
0.265299859995
0.013866140142
11.835542600359
0.098314606742
1.189380989381
0.009645199213
0.124087736236
7.721801801802
0.213274944808
0.153460373167
0.006154519801
0.243881494204
0.052502895380
0.948626257533
0.022756658909
6.874664325331
1.878970339928
0.591459704197
0.187692307692
0.033828165578
0.001849188412
0.203764031019
