0.335901027077
0.400810314232
0.962631083406
0.003298969072
41.112363322463
21.012581568630
2.259515362877
0.549595665103
0.993902513558
0.103083534330
0.009908803928
3.543970566641
0.313587230024
9.516243757252
0.002774043584
0.051842724731
0.583256390971
0.034026002804
0.019479799411
2.177646544424
8.647180419528
0.394862131713
0.269207018054
0.093454407870
0.010353967640
0.038690295564
0.475608899612
0.041132838840
0.137931034483
0.043425447920
0.014128929689
0.213589282088
0.004819728130
0.265047556166
0.472530463548
0.593317083560
0.075985722282
0.124254215305
0.661793372320
1.806174018776
0.271260997067
0.234030965533
0.027904417544
1.051100571380
1.330451451373
0.203707815275
0.617359739771
0.130586627524
2.879418002885
0.007720013184
0.168897623197
0.020838481994
0.146338233347
0.010982685791
0.178081784162
0.019509098603
0.012901111600
0.056990526001
0.244690789829
0.284112149533
0.212765957447
0.007320644217
0.015708556150
0.484996319993
0.024773574853
3.294646265895
1.165844628841
0.010245901639
0.235046728972
0.405263157895
3.712403491104
1.387091440225
0.820202707079
1.087887578246
5.553761637172
0.409459936463
1.375981619816
0.037800687285
0.127171996978
1.314545454545
0.539265616019
0.007378267989
0.013916872314
0.376492321675
0.574480044969
0.062020847861
0.048424678613
0.012523364486
0.001528300857
10.359292709237
0.295091324201
0.053525837351
0.371015033310
0.652853598015
0.049574321823
2.931721087261
0.014754932179
0.227384804488
0.726114649682
7.601562368753
