3 3
6 468
437 399
558 403
277 361
282 309
533 304
3 3
3554 1802
4826 4067
3818 3777
2610 4955
2726 2093
4303 4215
3 3
1611 2254
2676 1384
2582 2296
84 757
319 741
1009 869
3 3
99 88
144 151
100 91
282 463
597 419
376 499
3 3
3059 4478
4246 3152
4598 3481
52 46
62 45
60 52
3 3
2357 5925
3777 2689
3599 7571
164 104
216 64
226 103
3 3
387 371
462 73
498 431
74 139
87 148
121 174
3 3
1084 1084
1495 393
1491 1778
787 1263
1453 532
1532 983
3 3
877 1591
1034 932
2274 1942
1373 1301
1768 1511
1928 2044
3 3
57 134
301 350
292 472
485 768
978 168
839 634
3 3
57 56
75 71
62 79
795 1537
1482 695
2118 1396
3 3
867 2100
2286 1642
1515 2197
103 141
186 77
181 165
3 3
1903 841
4450 4628
4539 6926
1133 3557
2603 3078
3905 3283
3 3
1167 864
2224 1124
2176 2183
98 119
126 83
132 197
3 3
165 157
203 136
198 155
1863 4543
3164 592
3575 6218
3 3
40 125
87 64
97 111
1422 2573
1675 1727
1903 1829
3 3
2504 2914
5374 4395
2839 3443
527 916
751 421
1059 617
3 3
115 233
309 333
218 332
1188 1864
2272 1603
3131 3014
3 3
54 56
85 87
70 123
310 922
1028 1300
1721 1758
3 3
3082 5265
3498 4698
5043 3538
70 144
118 72
142 143
3 3
241 4871
4406 4413
4576 6395
137 263
263 85
255 235
3 3
1314 3730
3742 3900
4204 5814
3090 1922
4215 4839
4000 6303
3 3
439 778
978 899
870 1026
149 408
573 309
654 889
3 3
71 151
149 10
149 143
342 763
916 593
934 1116
3 3
33 70
85 73
43 85
4213 3947
4397 3555
4293 4942
3 3
36 36
55 5
71 46
366 683
1152 1135
449 738
3 3
2556 6074
5389 2323
4939 4267
2633 5456
4519 1677
5095 3749
3 3
315 428
387 168
364 268
21 88
124 128
68 113
3 3
103 104
156 92
168 104
111 230
246 172
199 259
3 3
46 34
77 46
47 39
72 196
112 216
163 327
3 3
198 332
314 187
233 331
2106 5029
3559 3867
5602 3147
3 3
325 1122
399 671
660 1141
2821 1912
3626 1572
4216 2728
3 3
140 182
204 265
164 226
4085 5241
4371 3052
4151 5438
3 3
217 117
420 311
311 280
168 557
454 637
449 791
3 3
756 1013
1011 569
953 847
542 576
784 526
751 558
3 3
1453 2657
1785 1436
2163 801
617 542
851 288
842 549
3 3
191 158
303 212
212 316
5287 3110
6742 3678
5607 3363
3 3
89 51
127 92
109 123
114 194
334 215
175 247
3 3
105 91
220 141
152 200
88 168
91 108
221 149
3 3
2874 2252
4247 3011
3406 4857
176 756
816 1440
595 1664
3 3
102 137
111 102
123 117
305 379
340 306
367 286
3 3
398 701
792 1085
892 1213
106 207
130 129
128 231
3 3
43 181
126 130
142 133
272 210
601 436
297 322
3 3
1824 4125
7047 3621
2681 4199
132 286
294 332
195 429
3 3
1765 3213
1882 2133
2138 2386
258 506
264 420
482 374
3 3
11 29
70 41
40 66
414 372
438 262
502 373
3 3
691 936
1952 1027
1501 1854
915 2045
2810 2463
2119 2468
3 3
56 54
97 36
90 102
287 455
435 486
561 694
3 3
825 1632
2051 2012
2165 2601
135 215
175 68
158 198
3 3
1334 3362
2786 5670
1940 4343
2807 3838
3226 2780
3627 2843
3 3
626 1678
1145 1574
1269 1830
2602 4776
4497 4572
6256 5360
3 3
358 441
391 332
429 462
2123 5272
3963 2541
4836 3905
3 3
74 98
124 51
89 106
101 31
139 141
119 148
3 3
171 181
266 315
179 267
1253 3250
4583 1144
4094 3243
3 3
1715 1943
2753 3263
2056 2786
2051 2309
6188 5539
4245 4091
3 3
62 83
102 66
75 89
627 729
1129 561
1017 1154
3 3
105 142
150 129
214 177
1722 1927
2802 4311
2187 4204
3 3
319 223
401 273
418 530
2720 1461
3653 1547
4022 2599
3 3
4024 4572
4400 1834
4886 2852
1851 3302
2717 532
4414 3262
3 3
71 43
103 93
91 98
44 57
58 33
89 47
3 3
76 69
116 93
81 78
48 69
60 48
64 73
3 3
83 71
88 66
112 72
396 460
1048 1128
815 1181
3 3
21 42
59 22
46 61
2190 2498
3510 2924
3829 3565
3 3
1726 2088
2760 1587
3517 2071
698 2001
1566 980
872 1989
3 3
265 314
427 312
370 315
45 201
232 106
190 177
3 3
595 1120
3017 1526
2725 2774
914 672
1133 613
1006 962
3 3
651 527
968 488
764 1431
264 405
268 320
518 323
3 3
96 78
101 47
101 90
468 609
604 614
956 966
3 3
36 54
77 84
37 67
68 50
101 64
96 105
3 3
77 115
104 105
130 141
110 120
150 97
135 147
3 3
848 1640
1305 1278
1763 1496
140 93
179 165
140 156
3 3
370 255
517 119
763 405
167 241
205 394
190 349
3 3
897 1231
1742 1529
2698 2046
34 58
152 30
139 127
3 3
1140 1382
1393 1231
1401 1874
68 133
265 160
74 237
3 3
311 426
1136 1136
584 982
41 75
90 79
72 113
3 3
51 98
95 112
55 152
129 52
190 69
199 121
3 3
2535 3408
4981 4723
2756 6001
1101 2077
1489 1851
2785 1934
3 3
108 84
110 18
110 51
60 53
86 68
70 64
3 3
52 65
75 25
56 80
214 286
347 110
243 303
3 3
555 766
668 359
601 1029
22 68
39 46
80 38
3 3
251 1127
557 586
572 955
476 877
757 548
1043 608
3 3
73 98
146 40
115 70
1427 5313
1851 4552
4586 2971
3 3
2064 2189
3765 3892
3550 3699
467 1342
1300 577
1687 1712
3 3
1743 1545
2157 1729
2334 2360
876 1298
998 719
1381 1148
3 3
875 1864
1068 566
963 1574
98 96
124 12
173 117
3 3
602 492
787 474
941 797
2756 3477
4362 1948
4860 5082
3 3
1201 651
1396 1156
1377 1875
1794 6978
3807 3401
3451 6180
3 3
113 124
181 150
155 144
367 244
406 451
407 574
3 3
64 98
68 90
73 87
1844 3458
3233 2314
3811 2917
3 3
115 1191
2004 2204
1431 2156
83 55
88 65
96 87
3 3
196 421
286 413
224 430
42 74
70 54
58 94
3 3
284 570
928 232
774 534
3531 5765
3685 1835
5427 3230
3 3
3214 4927
5937 3308
5476 3661
231 114
264 245
254 313
3 3
28 113
76 32
90 118
92 162
167 47
134 147
3 3
291 258
393 213
310 268
482 444
652 473
892 628
3 3
4366 5868
5103 2861
4760 5943
83 313
236 138
193 363
3 3
52 154
218 291
63 201
882 5235
2301 3836
2501 4346
3 3
1147 3220
1599 2446
2426 3217
2043 6435
3638 3032
4157 4751
3 3
85 83
87 21
130 113
38 48
83 53
82 59
3 3
465 863
1108 372
1215 994
70 102
98 30
73 105
0 0
