3 3
53 99
57 50
61 41
292 182
419 118
336 202
3 3
305 316
507 507
407 565
108 194
281 198
202 266
3 3
58 64
84 57
115 51
167 832
797 822
374 1032
3 3
46 115
167 132
168 193
1239 1707
1249 948
1810 1721
3 3
1721 2410
2407 2075
2641 2539
472 546
559 357
791 631
3 3
1403 1966
2945 2110
2112 2253
92 600
501 392
483 547
3 3
80 123
123 129
145 133
240 278
492 231
338 390
3 3
172 175
214 155
279 257
219 549
243 259
457 377
3 3
92 268
317 188
293 230
171 577
514 591
467 871
3 3
308 305
574 337
540 346
2295 1327
3263 2740
2722 2063
3 3
1451 1442
6252 2818
4180 3349
940 783
1324 941
1950 1284
3 3
685 1732
859 682
1145 1348
476 758
750 663
656 717
3 3
325 348
399 291
519 375
356 692
529 573
673 652
3 3
687 683
799 628
704 913
1451 2609
1621 2000
1989 1225
3 3
84 109
124 111
179 116
185 179
262 289
193 281
3 3
842 2446
2098 1633
2212 2799
183 123
437 382
392 525
3 3
508 1365
515 812
977 1375
55 83
60 68
83 98
3 3
110 165
126 145
123 158
1954 625
3061 2930
2600 2630
3 3
3071 3154
4109 1561
4137 3778
2447 3565
2524 1711
2828 3600
3 3
1069 845
2362 2720
1328 2223
3754 6837
3844 689
4469 4624
3 3
1228 2073
2596 1875
3239 2846
62 46
85 22
69 86
3 3
1328 2463
2575 1897
3752 3139
559 686
1490 470
998 626
3 3
47 131
95 41
94 79
125 274
278 304
265 360
3 3
2125 2362
2299 1993
2125 4009
62 42
125 71
78 87
3 3
46 31
54 43
84 107
40 136
51 49
75 134
3 3
44 119
137 53
63 115
79 42
101 99
97 98
3 3
1667 5753
5169 5058
6457 6337
46 98
88 67
87 75
3 3
377 248
406 531
398 594
1802 3900
4939 1166
2947 4377
3 3
215 627
778 1182
647 1240
141 333
304 175
360 270
3 3
43 52
59 43
53 67
143 92
195 79
180 103
3 3
100 738
397 635
927 826
111 82
160 123
141 119
3 3
1714 1794
2732 1315
2891 4645
1774 1744
1818 1715
2659 1963
3 3
836 967
910 838
1008 883
53 88
59 81
107 140
3 3
112 126
143 33
167 231
2877 4156
3296 3335
4686 2938
3 3
63 84
84 80
94 102
2153 889
2852 1149
2680 1568
3 3
82 89
93 72
128 115
592 475
1003 934
603 937
3 3
193 513
569 296
579 450
60 103
141 102
133 121
3 3
932 664
1013 616
1034 617
107 91
125 47
151 137
3 3
993 1300
2156 779
1660 1983
430 660
456 44
458 587
3 3
43 43
74 19
58 55
279 356
562 81
433 322
3 3
485 380
501 318
497 351
241 375
369 133
287 345
3 3
504 817
1007 884
1153 1005
1165 2659
1449 1408
1659 1993
3 3
137 223
278 100
180 212
1487 4390
3422 2254
3442 4064
3 3
1319 1623
2044 1137
3050 2527
43 106
76 52
94 53
3 3
86 230
222 186
274 203
1156 1706
2063 1591
1242 1722
3 3
2675 2955
3657 2300
3486 3998
2411 3616
4649 1549
4548 2826
3 3
1790 1642
2609 1409
1962 3219
1330 1163
1877 447
1985 1839
3 3
1491 1919
1768 938
1914 1952
3488 6528
4801 5257
6446 6299
3 3
173 233
179 149
293 219
914 4244
4853 3343
3869 4490
3 3
41 58
59 71
67 77
63 78
79 68
71 82
3 3
3338 4547
5176 1560
5791 7398
287 206
368 348
341 342
3 3
121 158
163 161
160 164
389 1757
1371 1668
1862 1862
3 3
544 880
702 495
758 825
2675 3501
2930 2181
2790 4490
3 3
25 52
43 60
75 109
61 79
128 80
178 114
3 3
106 133
184 89
149 145
86 72
99 50
92 95
3 3
86 288
217 216
181 269
1694 2090
1745 873
2019 1708
3 3
83 94
165 99
123 273
59 101
144 101
171 123
3 3
701 1013
1102 779
1091 1248
203 387
434 439
497 494
3 3
1829 2776
2359 1559
2988 3549
464 766
891 987
756 1248
3 3
1450 825
1698 976
1568 1950
57 78
94 62
73 114
3 3
883 1509
1242 1295
1379 1335
2517 3577
2559 2371
3286 3988
3 3
482 519
527 468
937 508
2472 3794
4280 2109
2684 3691
3 3
1141 700
1645 1306
1188 1384
187 248
389 185
366 406
3 3
23 40
77 29
85 28
31 54
55 36
50 95
3 3
120 120
188 74
222 177
2562 7245
4766 4302
5335 5309
3 3
588 1207
1049 786
1191 1169
63 68
85 76
67 79
3 3
194 117
228 125
252 207
606 518
845 464
909 912
3 3
678 863
823 589
758 788
866 1197
1557 1131
1067 1449
3 3
1269 1647
2373 1072
2952 2451
3344 3212
5458 1506
3424 3909
3 3
211 295
266 156
332 185
942 943
1005 516
1249 1352
3 3
12 43
62 25
71 58
675 925
881 619
917 957
3 3
924 1705
1850 1655
2293 2152
2257 2609
2464 1716
2526 2626
3 3
3317 4340
5264 4820
4629 4814
228 396
258 298
336 228
3 3
737 1513
1385 685
1813 513
424 258
507 480
453 352
3 3
1799 3192
2620 1316
3764 2050
1575 2684
2474 1254
2416 3252
3 3
556 482
564 309
562 815
84 603
195 246
504 232
3 3
431 594
708 489
1236 883
92 28
137 145
113 121
3 3
3340 3797
4728 4127
7047 8427
766 790
1022 1160
963 1103
3 3
154 123
185 122
175 172
439 955
768 535
792 761
3 3
189 172
300 445
192 483
127 47
268 213
329 386
3 3
140 99
179 130
145 158
131 395
179 404
494 494
3 3
78 112
121 107
180 131
824 2364
1308 1212
2020 2136
3 3
25 25
80 56
51 57
5092 3810
5573 4412
7276 6867
3 3
2621 2022
2785 1640
2883 1964
581 900
587 756
634 577
3 3
915 1847
950 744
1223 1167
3485 3336
4416 3083
4299 3435
3 3
581 886
926 154
1426 576
113 198
209 142
137 214
3 3
24 28
50 27
55 57
641 932
827 889
2328 1147
3 3
24 28
79 79
93 117
41 69
80 48
90 58
3 3
35 80
36 31
42 54
695 964
717 605
840 841
3 3
1957 2037
2188 731
3392 1529
392 603
438 346
501 490
3 3
117 171
132 126
150 128
15 63
73 17
81 58
3 3
113 145
115 130
363 246
752 1765
1261 1287
1667 1605
3 3
318 245
341 156
385 298
34 101
66 63
79 89
3 3
425 271
454 389
448 533
130 107
194 192
144 151
3 3
517 598
539 389
611 427
535 2071
3001 873
1725 2326
3 3
81 120
142 124
99 182
4968 6592
5532 3482
7225 4618
3 3
3582 2532
4380 5209
3941 5769
952 2468
2632 2106
1535 2823
3 3
2814 4019
3671 2326
6104 4828
115 91
162 82
145 150
3 3
177 199
285 126
220 303
1438 3117
1688 2272
2519 1378
3 3
1637 1546
2201 896
2165 2559
315 957
640 366
1297 643
0 0
