0.023344032682
0.686523937888
0.004329004329
0.058063803952
1.493104590416
0.869855593823
0.003368421053
0.118415472050
0.083825002783
0.010096206819
3.430173236229
1.534771545525
0.415425735013
0.181268164163
0.009080819292
2.094104230629
15.722848484848
0.002507624534
0.886736208972
0.159658881361
10.318433140524
1.570296072268
0.101013631597
2.170157662774
0.036697247706
0.130608618392
31.061612086604
0.003579753871
0.573014336372
0.282051282051
3.761344821760
1.186746556875
1.106400665004
0.021604794871
0.020623639127
0.047311065828
2.499854354792
0.104691405499
1.624552188054
0.097327483047
0.066193853428
0.059033319427
0.014506927465
10.159285908227
0.172097721576
0.383352803738
0.639634464125
0.139836971610
0.022246257795
0.007092198582
22.234969090697
0.011823436679
0.151513282596
0.122003508088
0.883198001249
0.027325596001
0.694821711379
1.333891833198
1.744076278957
6.002390090318
0.047039944859
0.029757459020
1.315904665213
0.009449694275
0.019032260214
16.791829484902
0.105348591835
0.061441667965
0.326668409752
0.084135441733
0.085698070375
0.366809982312
0.773529039205
0.754734801412
0.628671499485
0.017480569275
2.027322000493
10.598063757890
0.054223442837
0.523688913060
0.102571455884
0.010473559590
0.009499059055
1.110604277026
0.301772672305
5.717878218884
0.015554718925
0.266666666667
0.045402463478
5.075351884808
0.232236660216
0.022253755884
1.038161318300
0.329710389523
0.032480093571
0.015588890290
0.291316204147
20.247834843582
0.076767752309
0.524436930996
