3 3
339 359
569 254
551 521
37 91
69 60
117 112
3 3
121 152
122 102
139 101
60 142
163 166
186 200
3 3
297 244
376 121
405 313
95 336
109 185
252 159
3 3
2106 3075
4083 3889
3996 5669
603 1100
1178 1228
691 1180
3 3
244 117
363 298
268 204
1074 2951
4307 3668
6111 5728
3 3
3226 4037
5240 2404
6853 3184
469 1146
698 977
802 999
3 3
321 481
359 274
391 421
844 1455
1300 1469
1307 1680
3 3
206 460
513 123
535 363
105 132
166 111
209 142
3 3
259 550
438 360
488 460
2 185
120 88
96 267
3 3
73 78
87 115
94 141
87 301
278 54
256 370
3 3
812 952
1156 762
1049 1504
3464 2925
3704 3403
3738 5670
3 3
317 695
536 511
889 366
77 196
165 89
234 268
3 3
363 399
516 280
364 475
261 453
329 304
411 245
3 3
3385 5871
5073 1998
4072 5534
135 166
186 66
184 96
3 3
82 79
85 54
120 104
216 429
458 277
489 346
3 3
845 858
865 700
971 632
238 132
326 346
286 260
3 3
1604 2521
2077 1553
3088 1929
526 386
697 481
555 767
3 3
1342 2519
4031 3062
3209 3674
574 206
804 500
616 521
3 3
197 433
358 212
258 476
156 208
167 80
167 166
3 3
919 1114
1212 1073
1206 1196
54 80
68 37
73 79
3 3
1444 1466
1908 2354
1477 2233
66 239
134 233
148 254
3 3
180 390
354 336
365 364
53 132
127 97
75 131
3 3
54 67
121 56
91 110
810 1104
1015 861
1366 916
3 3
201 184
221 120
282 224
182 257
477 169
388 318
3 3
639 794
741 546
993 1211
764 1145
1631 1509
2083 3336
3 3
253 570
443 266
396 384
77 141
251 109
352 272
3 3
1102 474
1253 1195
1195 1089
21 131
71 82
89 149
3 3
224 415
1033 912
693 826
270 544
567 688
400 725
3 3
362 198
588 446
458 395
104 122
148 60
119 107
3 3
992 1081
1293 1204
1030 1580
241 435
294 298
273 353
3 3
2773 3675
3354 1882
3508 1765
163 276
388 353
459 413
3 3
1879 3692
2696 1721
3373 2375
267 736
444 518
842 591
3 3
519 749
588 544
727 1050
1133 2472
1499 1174
2497 1241
3 3
81 167
96 157
182 200
2203 3593
3288 3141
2717 3671
3 3
133 137
156 89
170 182
274 773
407 447
521 499
3 3
594 620
740 449
716 695
1070 2361
1459 1793
2123 2083
3 3
90 104
132 96
126 118
1683 1223
1836 924
2228 1536
3 3
1628 3675
2682 2982
3817 3246
206 138
298 49
217 321
3 3
452 477
769 677
727 671
3629 1956
4278 1800
4334 3511
3 3
1051 909
1130 699
1183 882
150 718
362 460
475 472
3 3
134 255
139 205
292 214
42 75
101 92
82 109
3 3
20 15
63 63
60 91
190 143
381 261
281 489
3 3
891 640
1059 728
1205 1249
48 41
146 123
112 143
3 3
562 894
867 771
1481 1210
63 50
68 38
84 109
3 3
642 1198
1403 891
1988 957
2253 1430
3473 2473
2838 3471
3 3
163 214
252 244
385 315
412 900
1159 723
565 961
3 3
506 403
652 405
796 430
524 685
1331 509
775 693
3 3
136 156
202 161
136 198
175 138
291 196
240 259
3 3
548 970
1001 356
655 1226
179 281
203 229
386 307
3 3
3754 2702
6729 3735
4624 5080
923 3352
4909 1893
1978 5159
3 3
149 286
191 146
209 202
1005 524
1641 1154
1085 1432
3 3
219 101
295 141
340 205
709 1266
828 889
1667 771
3 3
146 133
154 117
218 237
3045 3759
4949 6079
3911 6625
3 3
2044 2415
3624 1976
2576 2442
73 78
138 124
94 131
3 3
749 1612
946 517
895 838
1188 933
1427 925
1588 1051
3 3
2308 3163
4105 2225
6224 3971
1544 2597
2387 1595
2001 2150
3 3
403 436
409 405
458 238
839 1609
1623 2126
853 1678
3 3
115 264
416 109
353 375
57 90
126 89
105 90
3 3
201 193
408 400
232 453
74 72
103 62
80 72
3 3
70 89
75 79
121 67
1093 1093
1916 1204
1164 1653
3 3
232 368
637 375
751 630
199 175
343 281
212 256
3 3
1655 3695
2976 2516
1959 3639
108 151
146 129
197 159
3 3
28 62
82 66
61 81
38 73
51 34
56 29
3 3
527 920
703 318
894 334
1613 1851
1685 1028
1884 1120
3 3
610 927
767 751
858 956
352 296
390 269
466 372
3 3
2315 3189
2653 1014
2845 3481
2894 2828
3242 1900
3339 3406
3 3
385 261
600 346
541 472
151 217
195 67
185 164
3 3
1798 3881
3344 3193
4185 3527
1200 1503
1797 1059
2426 1145
3 3
905 845
1149 1221
1051 1912
99 1050
1015 815
1114 1030
3 3
1047 1040
1154 876
1534 944
382 436
389 91
427 25
3 3
272 643
411 369
573 501
283 363
550 482
660 708
3 3
945 869
1133 831
1341 1055
38 94
80 82
122 93
3 3
76 191
167 200
303 283
80 83
110 41
115 126
3 3
4179 2878
6823 4119
4966 4664
847 622
1310 868
912 957
3 3
103 44
133 104
149 145
203 209
277 89
231 258
3 3
32 227
196 34
218 170
98 603
627 520
329 628
3 3
597 779
1730 796
720 1222
84 123
90 68
111 122
3 3
1949 1269
2666 1731
2187 2377
655 1232
1079 972
1421 1040
3 3
450 420
603 418
582 589
1454 1371
2546 2796
1955 3413
3 3
932 786
1258 1310
1256 1363
163 189
185 169
203 227
3 3
432 892
484 676
887 829
210 288
740 687
508 783
3 3
3274 4439
5933 2576
3481 5125
3975 4252
4203 3877
5339 4550
3 3
576 1168
698 980
1150 1351
92 104
225 151
138 268
3 3
2849 3221
3867 2094
4950 3236
51 88
172 123
96 152
3 3
113 222
136 127
171 131
305 464
485 335
357 542
3 3
49 62
52 23
56 45
75 84
83 50
91 84
3 3
230 357
435 314
419 616
59 135
67 61
82 41
3 3
1027 2387
3810 2529
4677 4720
100 69
130 78
118 92
3 3
59 165
99 90
100 142
764 1145
857 768
896 1565
3 3
256 265
339 197
399 213
1187 1131
1543 1011
1478 1258
3 3
78 16
118 42
90 63
838 699
1096 1356
929 1013
3 3
471 370
735 551
529 686
1152 811
1364 734
1313 1321
3 3
188 238
220 102
283 334
401 737
544 458
682 523
3 3
47 48
62 50
65 86
209 640
841 782
888 1041
3 3
701 363
976 466
798 460
69 104
167 131
96 193
3 3
92 273
232 101
299 211
33 112
82 70
130 106
3 3
227 219
399 292
267 282
1565 2150
2092 1338
1728 2154
3 3
119 536
249 216
456 474
72 79
120 64
87 82
3 3
56 51
66 29
79 45
191 274
323 302
243 298
3 3
964 2732
2891 1830
3967 2250
251 178
268 166
262 237
0 0
