2.333385604516
0.113654618474
0.411903086800
2.872752734810
0.010338349099
8.463199228743
0.110885082732
2.127446350805
0.624316441852
0.006097560976
0.235780958307
0.265387044424
0.798843930636
20.271478961955
0.058840413318
0.328438487151
1.985155482927
2.268939061173
1.122517467129
2.493243243243
4.959062196307
1.106925880923
0.085602707628
0.166000887705
0.183449743672
0.074956217163
0.557374217232
0.880228810258
0.831086502969
3.047261077142
0.312504222624
1.841322941095
0.072399166500
0.017596782303
0.100676909853
0.118359222398
0.030374479889
1.899213247268
0.012232980099
0.352860866327
1.097404449515
0.080622009569
1.910658547818
3.479092253252
0.079573197016
0.020297888288
0.046162929602
0.266769319604
0.917940840601
0.451424784257
0.042181818182
0.019206780044
0.010107597000
2.602617618514
0.016026155240
1.112966495374
0.002814876924
3.843474933027
5.649267071863
0.013279330722
1.619703172170
2.462705304808
0.365196078431
0.453332512344
1.506469558695
1.031616728162
0.864268985382
1.110237769328
0.186577621256
0.355377175917
0.361914101935
2.540946962000
0.336023360765
4.371967475651
0.020778820994
0.289888302925
6.855504807363
0.765274634849
0.065053345686
0.905255878285
0.389362251485
0.462293821222
1.144275459729
10.181303563952
0.235801531985
0.355769230769
2.580702272057
59.814372816195
0.061916391323
0.117084154236
0.065843621399
0.393142672309
0.203269186771
0.022976636117
0.684808931577
1.699318353951
0.044438206978
5.724612736661
0.140075376884
8.462740287465
