3 3
257 185
274 277
260 298
1893 2633
2895 1115
3588 3975
3 3
37 61
51 25
46 43
2213 2649
3303 1879
2766 2814
3 3
43 63
120 51
56 64
67 75
92 60
74 122
3 3
915 2042
1353 1042
2090 2266
5304 5210
6661 2531
6152 7089
3 3
122 221
280 39
286 306
1080 2652
2325 2019
2614 2239
3 3
1540 569
2034 968
1548 1380
1460 2239
4621 2455
2986 3598
3 3
49 49
65 51
80 86
190 548
382 467
637 449
3 3
97 168
344 246
183 238
29 79
49 65
60 60
3 3
335 738
627 1135
406 1001
125 85
141 77
147 183
3 3
702 826
1593 657
1491 1622
252 369
328 250
461 371
3 3
1334 4271
2578 2803
3711 1528
147 226
199 191
152 311
3 3
138 267
161 210
184 220
208 244
255 184
327 303
3 3
33 71
94 35
64 68
51 28
86 61
72 69
3 3
727 1099
1612 1588
1224 1415
292 527
392 147
308 700
3 3
94 79
111 61
112 95
61 117
120 48
116 213
3 3
442 360
511 115
518 309
2469 5796
3772 2770
6666 2544
3 3
2038 4250
3727 2649
4444 4866
91 116
106 117
107 121
3 3
2332 2723
4490 4524
3675 6475
125 368
241 276
475 561
3 3
1041 1702
1445 1128
1790 1567
2484 3861
4158 2580
5387 4036
3 3
190 295
218 199
226 223
35 98
66 88
61 123
3 3
427 779
600 410
617 485
554 498
921 887
890 1002
3 3
3359 5309
7327 2384
6259 4301
2482 2850
4335 3338
4416 5499
3 3
40 69
63 55
85 46
100 174
134 156
152 185
3 3
1648 1544
1966 1336
1828 2968
442 1360
1330 693
1306 1171
3 3
1335 2184
2008 1060
1853 1996
46 99
59 37
68 44
3 3
1458 1576
2387 1241
1731 2202
158 237
266 196
296 201
3 3
848 979
1841 1471
2156 1800
287 854
631 604
1071 962
3 3
695 315
766 201
714 617
46 44
81 45
67 74
3 3
98 238
119 133
165 179
151 235
222 93
160 220
3 3
124 159
132 47
179 77
51 85
59 38
74 41
3 3
188 399
294 132
251 251
1440 2479
3020 3419
1541 3424
3 3
46 57
78 62
90 82
62 59
64 29
71 66
3 3
1172 1422
1336 1331
1867 1526
607 1497
1193 624
1339 1135
3 3
153 327
235 182
245 309
234 394
410 353
632 354
3 3
48 75
83 76
51 101
107 208
162 135
237 202
3 3
802 2843
1468 1555
1795 2545
2506 2442
3330 1450
3087 1960
3 3
228 45
302 212
341 359
419 509
572 434
515 575
3 3
652 1731
1478 811
1096 1449
2587 2918
3008 1438
3888 3998
3 3
79 100
114 52
102 71
18 57
86 44
66 104
3 3
3356 2498
5194 2245
3490 3660
591 1560
772 1079
919 999
3 3
52 116
84 72
93 96
73 128
116 64
154 91
3 3
833 1822
1902 1109
3344 2605
40 54
72 24
66 62
3 3
178 401
290 339
342 319
104 207
152 165
193 170
3 3
990 1545
1270 763
1253 1607
70 120
149 27
204 167
3 3
486 263
874 709
530 803
80 206
221 120
123 242
3 3
719 496
945 838
853 899
58 92
60 35
69 69
3 3
37 55
58 57
61 66
92 164
93 129
98 32
3 3
3695 4918
4424 4901
5803 7346
314 354
405 88
427 153
3 3
949 752
1006 546
1188 750
239 307
256 225
287 185
3 3
567 694
716 599
752 660
1493 2339
1730 1690
1705 2453
3 3
423 1425
1039 1096
1244 1604
1518 2015
3109 1420
3070 2196
3 3
210 478
265 76
382 341
68 81
91 110
109 148
3 3
2478 3755
2996 1565
3318 1264
490 466
589 604
584 612
3 3
92 146
246 158
347 220
1565 3563
2612 1569
1942 3286
3 3
157 214
164 178
173 163
753 3664
3124 3154
2658 6419
3 3
220 267
346 113
443 266
255 260
272 125
371 73
3 3
810 951
980 964
938 1287
239 572
540 190
484 412
3 3
531 992
601 674
886 750
75 94
103 91
141 94
3 3
212 362
769 737
350 542
548 756
839 603
705 1053
3 3
386 436
903 570
586 632
996 2596
1589 1433
2170 2991
3 3
1144 1162
2235 1321
1376 1750
153 261
178 211
158 262
3 3
313 366
356 345
366 574
263 478
628 273
518 341
3 3
1270 2708
1299 1539
1905 2813
3433 5164
4091 2865
5930 4195
3 3
470 597
1030 806
1014 1020
30 40
68 77
62 108
3 3
49 75
87 41
70 119
1601 1413
3003 1468
3424 1971
3 3
68 105
100 72
128 144
965 817
1277 772
1136 822
3 3
29 78
56 72
108 128
740 732
883 610
907 960
3 3
48 83
103 29
102 113
60 145
187 85
296 186
3 3
1586 2004
2103 689
2657 2041
1104 2720
1656 1961
2371 1881
3 3
3612 3932
5292 4264
4401 4367
221 185
270 327
238 264
3 3
1060 1681
1946 1417
3262 1437
63 96
116 30
184 85
3 3
268 160
481 254
357 358
1820 5904
5355 4362
5457 4711
3 3
2543 985
3056 2895
2963 2549
2906 2497
3244 1987
3239 4243
3 3
185 898
486 548
441 770
57 37
60 64
57 89
3 3
247 441
286 344
500 521
262 116
460 319
283 353
3 3
59 222
406 233
221 247
46 64
56 59
50 69
3 3
107 111
143 46
120 121
1676 1817
2362 866
1772 2458
3 3
116 138
128 179
133 254
765 1702
1678 646
2576 1574
3 3
140 320
271 212
372 249
175 175
200 113
282 218
3 3
74 97
113 83
124 154
1717 2598
1812 643
2917 2784
3 3
733 566
904 776
832 1237
53 193
190 113
148 184
3 3
247 849
473 234
676 559
160 582
769 458
980 557
3 3
1349 4580
5956 1488
6561 2930
584 659
1033 372
724 978
3 3
261 570
285 500
418 185
3409 2895
5817 3637
4344 5046
3 3
225 59
542 350
307 286
822 1148
1395 1182
988 1439
3 3
126 132
183 126
224 169
644 1030
1096 567
912 803
3 3
272 438
278 393
403 283
444 541
939 793
851 890
3 3
476 1298
1271 1497
1731 1717
300 313
530 361
414 500
3 3
211 170
267 201
319 243
254 380
273 287
474 543
3 3
65 140
255 184
97 258
51 82
52 41
57 15
3 3
1539 1548
3080 2186
2439 2642
237 247
297 292
238 248
3 3
260 172
333 306
285 239
617 992
1047 608
1156 731
3 3
66 65
77 81
74 90
1514 3274
1743 3023
2500 2387
3 3
161 188
174 139
222 107
1776 1563
1814 1152
1935 1334
3 3
4212 2703
6433 4763
4561 5290
118 244
152 106
192 63
3 3
1923 1142
3204 3070
2243 2914
271 506
283 511
565 707
3 3
545 1273
898 1133
1051 1163
41 132
78 78
96 109
3 3
537 1076
1139 721
1246 1057
96 171
132 168
105 204
3 3
809 970
870 527
862 787
64 111
71 67
121 60
3 3
16 23
123 106
57 89
1750 2724
2100 2615
3185 3349
0 0
