0.008772912234
0.002529866479
0.051118911803
0.225199459993
0.105029413478
0.155139093223
0.027029783762
1.488117001828
1.701400070004
2.855476931210
0.357545420838
0.151718026976
0.268180511641
0.069044885679
0.196440342782
0.018042204014
140.943477759852
4.551207641570
0.216108949685
0.400444938821
0.089336105748
0.277257888364
0.056709713644
0.347373611985
11.630841479288
6.068009485083
0.267716326741
1.615658362989
0.591549295775
1.995649021030
0.002172579099
0.399174122505
0.120268871718
0.217968032335
0.160021171489
0.947701342988
0.077233398800
0.060033650689
0.022537351228
2.288345318278
0.458990536278
26.172673480366
0.235294117647
1.890884118425
1.685268015619
3.335544744213
0.056586270872
2.310225720119
1.480945489629
0.089155767792
0.408913968241
3.054941240641
1.515084310497
0.014226518394
0.001550607144
0.680522683426
0.369627812733
4.571659996188
0.161216350947
0.084817283007
9.826585837573
0.115884081350
0.197792586334
3.827967681790
0.015730485232
0.136064744562
0.068960302457
0.229851497609
0.655478260071
2.109171720080
2.651697143106
0.037941668949
0.000113122366
3.262969588551
0.474614368319
1.949377828054
0.032611637348
0.003274409664
0.521999867471
0.018491924413
0.940949652969
0.397663691968
3.136216944577
0.001676929475
0.225040472381
0.043431350446
0.045244539216
0.373729539249
0.057032755299
1.617054024935
19.778560626279
0.016882305897
0.004630504631
0.088028008912
9.066405622961
3.619794677739
1.376537369915
6.676587467000
0.556278229449
0.052963740320
