3 4
2069 1239
2169 8500
2128 5523
952 6317
955 6317
955 6320
952 6320
3 4
657 762
757 9721
718 6227
1476 5887
1482 5887
1482 5893
1476 5893
3 4
3360 240
3460 9163
3373 1400
1072 8161
1081 8161
1081 8170
1072 8170
3 4
1787 210
1887 9377
1884 9102
876 4929
888 4929
888 4941
876 4941
3 4
6261 1090
6361 9089
6262 1170
1612 3386
1627 3386
1627 3401
1612 3401
3 4
7386 298
7486 9961
7459 7352
8178 2581
8196 2581
8196 2599
8178 2599
3 4
6271 725
6371 7972
6388 9204
8229 9794
8250 9794
8250 9815
8229 9815
3 4
2743 134
2843 7745
2852 8430
1928 4346
1952 4346
1952 4370
1928 4370
3 4
5828 1470
5928 9689
5849 3196
8736 7862
8763 7862
8763 7889
8736 7889
3 4
9763 745
9921 9090
9872 6502
8387 3745
8390 3745
8390 3748
8387 3748
3 4
2840 33
2998 8204
2991 7842
8316 8496
8322 8496
8322 8502
8316 8502
3 4
2589 1264
2747 9729
2714 7961
6656 3747
6665 3747
6665 3756
6656 3756
3 4
8713 1860
8871 9009
8794 5525
2538 5402
2550 5402
2550 5414
2538 5414
3 4
7383 729
7541 8568
7440 3557
8030 2452
8045 2452
8045 2467
8030 2467
3 4
6952 750
7110 9499
7035 5346
1218 8676
1236 8676
1236 8694
1218 8694
3 4
8617 2713
8775 9758
8758 9000
1906 5880
1927 5880
1927 5901
1906 5901
3 4
8399 78
8557 9055
8508 6271
827 4174
851 4174
851 4198
827 4198
3 4
8128 2118
8286 9935
8227 7016
4498 1452
4525 1452
4525 1479
4498 1479
3 4
7781 62
8032 9296
7871 3373
8276 2863
8279 2863
8279 2866
8276 2866
3 4
4697 1275
4948 8466
4871 6260
2898 9624
2904 9624
2904 9630
2898 9630
3 4
367 602
618 9083
457 3643
8257 5787
8266 5787
8266 5796
8257 5796
3 4
6686 206
6937 7483
6812 3859
287 4034
299 4034
299 4046
287 4046
3 4
8872 639
9123 8063
8917 1970
3896 8642
3911 8642
3911 8657
3896 8657
3 4
1175 802
1426 8749
1364 6786
7644 9530
7662 9530
7662 9548
7644 9548
3 4
3368 1536
3619 9851
3517 6472
1562 4819
1583 4819
1583 4840
1562 4840
3 4
730 653
981 9855
919 7582
9814 8966
9838 8966
9838 8990
9814 8990
3 4
816 10
1067 9477
915 3744
9710 1019
9737 1019
9737 1046
9710 1046
3 4
549 976
947 9281
932 8968
8028 2151
8031 2151
8031 2154
8028 2154
3 4
5973 979
6371 9590
6242 6799
4584 21
4590 21
4590 27
4584 27
3 4
3514 51
3912 9234
3761 5750
5707 9989
5716 9989
5716 9998
5707 9998
3 4
2772 430
3170 9293
3077 7222
5462 3219
5474 3219
5474 3231
5462 3231
3 4
7705 314
8103 7961
8206 9940
3369 9561
3384 9561
3384 9576
3369 9576
3 4
2353 94
2751 8467
2804 9582
4316 3642
4334 3642
4334 3660
4316 3660
3 4
3452 341
3850 8332
3927 9878
1865 9626
1886 9626
1886 9647
1865 9647
3 4
330 365
728 8064
391 1545
2113 4045
2137 4045
2137 4069
2113 4069
3 4
5891 184
6289 7479
6210 6031
1514 140
1541 140
1541 167
1514 167
3 4
7656 158
8286 9757
7897 3830
8036 9510
8039 9510
8039 9513
8036 9513
3 4
870 1053
1500 8506
923 1680
4812 2582
4818 2582
4818 2588
4812 2588
3 4
1458 65
2088 9814
2029 8901
7328 9296
7337 9296
7337 9305
7328 9305
3 4
8804 361
9434 9864
9327 8250
5091 2672
5103 2672
5103 2684
5091 2684
3 4
7373 867
8003 8974
7540 3016
8879 2852
8894 2852
8894 2867
8879 2867
3 4
829 116
1459 9885
1380 8660
7292 2052
7310 2052
7310 2070
7292 2070
3 4
1055 507
1685 9800
1368 5124
9650 5160
9671 5160
9671 5181
9650 5181
3 4
5333 549
5963 8866
5710 5526
4412 8667
4436 8667
4436 8691
4412 8691
3 4
5370 1436
6000 9687
5969 9281
874 7688
901 7688
901 7715
874 7715
3 4
4796 129
5796 9942
4919 1336
7143 6178
7146 6178
7146 6181
7143 6181
3 4
2010 3
3010 9996
2153 1432
7758 826
7764 826
7764 832
7758 832
3 4
4441 2230
5441 9377
4958 5925
51 9732
60 9732
60 9741
51 9741
3 4
5845 151
6845 9770
5866 353
1674 5475
1686 5475
1686 5487
1674 5487
3 4
3263 1087
4263 8224
4190 7703
8772 7945
8787 7945
8787 7960
8772 7960
3 4
2646 33
3646 9972
3187 5410
8786 4533
8804 4533
8804 4551
8786 4551
3 4
1526 2394
2526 9551
2233 7454
985 8667
1006 8667
1006 8688
985 8688
3 4
497 731
1497 9714
850 3902
8226 4109
8250 4109
8250 4133
8226 4133
3 4
6126 426
7126 9239
6249 1510
594 1267
621 1267
621 1294
594 1294
3 4
1377 361
2961 8120
3266 9614
8874 9772
8877 9772
8877 9775
8874 9775
3 4
3760 926
5344 8751
4527 4715
4662 9625
4668 9625
4668 9631
4662 9631
3 4
1378 32
2962 9865
2105 4545
6373 130
6382 130
6382 139
6373 139
3 4
3728 2240
5312 9715
5013 8304
5950 1325
5962 1325
5962 1337
5950 1337
3 4
5754 1727
7338 9034
7015 7544
8519 4968
8534 4968
8534 4983
8519 4983
3 4
2405 108
3989 9665
3720 8042
44 8015
62 8015
62 8033
44 8033
3 4
882 0
2466 9661
1901 6215
1495 265
1516 265
1516 286
1495 286
3 4
5001 863
6585 9676
6436 8847
8186 5736
8210 5736
8210 5760
8186 5760
3 4
4791 1386
6375 9385
5192 3411
6648 2479
6675 2479
6675 2506
6648 2506
3 4
1881 124
4392 7830
4900 9389
115 3400
118 3400
118 3403
115 3403
3 4
3842 408
6353 9652
4498 2823
7784 1241
7790 1241
7790 1247
7784 1247
3 4
2440 2599
4951 9914
2751 3505
183 1773
192 1773
192 1782
183 1782
3 4
3863 187
6374 9645
5547 6530
2058 8277
2070 8277
2070 8289
2058 8289
3 4
2170 2471
4681 9624
4344 8664
2410 3768
2425 3768
2425 3783
2410 3783
3 4
979 1195
3490 9647
2949 7826
7388 2402
7406 2402
7406 2420
7388 2420
3 4
158 2468
2669 9712
2139 8183
4301 7004
4322 7004
4322 7025
4301 7025
3 4
170 927
2681 9311
1545 5518
2386 9564
2410 9564
2410 9588
2386 9588
3 4
6544 709
9055 9051
7112 2596
3507 6437
3534 6437
3534 6464
3507 6464
3 4
4268 1735
8249 9473
6454 5984
1082 1904
1085 1904
1085 1907
1082 1907
3 4
5081 1486
9062 8964
5994 3201
1503 3130
1509 3130
1509 3136
1503 3136
3 4
5393 323
9374 9880
7230 4733
1530 7277
1539 7277
1539 7286
1530 7286
3 4
4347 400
8328 9566
6440 5219
1987 8720
1999 8720
1999 8732
1987 8732
3 4
716 841
4697 9074
2185 3879
6595 1571
6610 1571
6610 1586
6595 1586
3 4
440 165
4421 8660
1284 1966
1744 722
1762 722
1762 740
1744 740
3 4
1932 1126
5913 8480
3785 4549
9085 8989
9106 8989
9106 9010
9085 9010
3 4
1050 660
5031 9605
2350 3581
1003 3539
1027 3539
1027 3563
1003 3563
3 4
2278 395
6259 9082
4727 5739
2229 8234
2256 8234
2256 8261
2229 8261
3 4
1931 1072
8240 8906
4678 4483
8136 8390
8139 8390
8139 8393
8136 8393
3 4
3143 4
9452 9996
3525 609
2408 2187
2414 2187
2414 2193
2408 2193
3 4
1658 99
7967 8606
6351 6427
3499 9466
3508 9466
3508 9475
3499 9475
3 4
2502 105
8811 8407
6383 5212
3506 173
3518 173
3518 185
3506 185
3 4
1938 70
8247 9945
8224 9909
1651 8387
1666 8387
1666 8402
1651 8402
3 4
363 609
6672 9347
2137 3066
5889 4015
5907 4015
5907 4033
5889 4033
3 4
1012 1772
7321 9783
3351 4742
6570 5478
6591 5478
6591 5499
6570 5499
3 4
1316 364
7625 8763
4875 5102
9426 6189
9450 6189
9450 6213
9426 6213
3 4
3529 297
9838 9878
3878 827
4361 3486
4388 3486
4388 3513
4361 3513
3 4
0 2096
10000 9387
2189 3692
8474 7899
8477 7899
8477 7902
8474 7902
3 4
0 227
10000 7768
9939 7722
5091 5197
5097 5197
5097 5203
5091 5203
3 4
0 41
10000 9898
3007 3005
6732 6872
6741 6872
6741 6881
6732 6881
3 4
0 1454
10000 9695
4639 5277
7719 1498
7731 1498
7731 1510
7719 1510
3 4
0 185
10000 9544
4961 4828
6905 1888
6920 1888
6920 1903
6905 1903
3 4
0 306
10000 9205
8901 8227
7076 6180
7094 6180
7094 6198
7076 6198
3 4
0 186
10000 9887
9699 9595
7330 8630
7351 8630
7351 8651
7330 8651
3 4
0 204
10000 9583
5781 5626
6580 9809
6604 9809
6604 9833
6580 9833
3 4
0 2032
10000 9429
5267 5928
5976 2529
6003 2529
6003 2556
5976 2556
0 0
