0.000045283702
0.000018397910
0.000012314209
0.000008992482
0.000008231469
0.000005690418
0.000005539675
0.000004957367
0.000004452102
0.000039201850
0.000020010405
0.000012885436
0.000011404589
0.000008336460
0.000006237292
0.000006611002
0.000004561211
0.000004644143
0.000035143209
0.000022395413
0.000012724589
0.000011069784
0.000008686211
0.000006776721
0.000005559076
0.000004407772
0.000003811179
0.000038300969
0.000018500019
0.000011597027
0.000008998308
0.000006583062
0.000005589652
0.000004756197
0.000005145939
0.000004814382
0.000032587089
0.000020619407
0.000010705377
0.000008223955
0.000007630384
0.000005342394
0.000004798856
0.000004657055
0.000004170368
0.000030827091
0.000015161163
0.000013638285
0.000007847569
0.000008193028
0.000005078669
0.000005837814
0.000004173762
0.000003774283
0.000029916831
0.000017713537
0.000009732076
0.000009198955
0.000007498219
0.000004986586
0.000004234686
0.000004007566
0.000003864869
0.000027135569
0.000014178364
0.000011307868
0.000006962431
0.000006898455
0.000005067550
0.000004881502
0.000003824384
0.000003412608
0.000028443838
0.000014544608
0.000008207351
0.000006338582
0.000005458217
0.000004452994
0.000004201063
0.000003223477
0.000002923669
0.000023568786
0.000010224322
0.000007499400
0.000005703465
0.000004119295
0.000003692135
0.000003325352
0.000002832925
0.000002330839
0.000019277852
0.000009501549
0.000005595564
0.000004568463
0.000003443704
0.000002939603
0.000002417088
0.000002150094
0.000002128932
