3 4
0 923
10000 8830
9957 8796
0 0
10000 0
10000 10000
0 10000
3 4
0 295
10000 8764
2371 2303
2545 593
7545 593
7545 5593
2545 5593
3 4
0 13
10000 10000
3077 3086
2500 4731
5833 4731
5833 8064
2500 8064
3 4
0 958
10000 8879
9519 8498
3382 4575
5882 4575
5882 7075
3382 7075
3 4
0 1410
10000 9047
7427 7082
3877 2721
5877 2721
5877 4721
3877 4721
3 4
0 381
10000 9198
6847 6418
2140 4129
3806 4129
3806 5795
2140 5795
3 4
0 1126
10000 8945
8221 7554
2419 7623
3847 7623
3847 9051
2419 9051
3 4
0 962
10000 8469
357 1230
1184 4108
2434 4108
2434 5358
1184 5358
3 4
0 2228
10000 9269
9439 8874
2266 1448
3377 1448
3377 2559
2266 2559
3 4
0 169
10000 9532
5573 5387
7126 4769
8126 4769
8126 5769
7126 5769
3 4
0 13
10000 9976
2973 2975
3160 3109
4069 3109
4069 4018
3160 4018
3 4
0 1032
10000 9663
8729 8566
459 5812
1292 5812
1292 6645
459 6645
3 4
0 854
10000 9811
8907 8832
7973 1397
8742 1397
8742 2166
7973 2166
3 4
0 1989
10000 9982
9143 9297
7111 3493
7825 3493
7825 4207
7111 4207
3 4
0 1263
10000 8610
3317 3700
4232 7534
4898 7534
4898 8200
4232 8200
3 4
0 50
10000 9317
3397 3198
1822 5003
2447 5003
2447 5628
1822 5628
3 4
0 798
10000 7927
1031 1533
6013 3210
6601 3210
6601 3798
6013 3798
3 4
0 273
10000 9464
2089 2193
2304 3562
2859 3562
2859 4117
2304 4117
3 4
0 186
10000 7735
5051 3999
3724 1530
4250 1530
4250 2056
3724 2056
3 4
0 1715
10000 9608
4243 5064
3755 2439
4255 2439
4255 2939
3755 2939
3 4
0 64
10000 9245
8779 8124
2447 6729
2923 6729
2923 7205
2447 7205
3 4
0 646
10000 9163
4147 4178
276 9316
730 9316
730 9770
276 9770
3 4
0 1898
10000 9969
6169 6877
4677 5683
5111 5683
5111 6117
4677 6117
3 4
0 826
10000 9195
8271 7748
763 82
1179 82
1179 498
763 498
3 4
0 1994
10000 9607
7323 7569
302 2511
702 2511
702 2911
302 2911
3 4
0 1269
10000 8698
9331 8201
1447 7111
1831 7111
1831 7495
1447 7495
3 4
0 670
10000 9229
8161 7655
6171 1469
6541 1469
6541 1839
6171 1839
3 4
0 1141
10000 9954
2123 3012
3367 1006
3724 1006
3724 1363
3367 1363
3 4
0 1744
10000 9917
8763 8906
401 7546
745 7546
745 7890
401 7890
3 4
0 212
10000 9881
1571 1731
8491 6562
8824 6562
8824 6895
8491 6895
3 4
0 233
10000 9552
9721 9292
7423 6028
7745 6028
7745 6350
7423 6350
3 4
0 295
10000 9402
8757 8270
702 6057
1014 6057
1014 6369
702 6369
3 4
0 1705
10000 9218
4423 5028
1396 3344
1699 3344
1699 3647
1396 3647
3 4
0 336
10000 9277
9339 8686
7717 5040
8011 5040
8011 5334
7717 5334
3 4
0 330
10000 8413
5253 4576
5438 891
5723 891
5723 1176
5438 1176
3 4
0 189
10000 9236
4617 4366
1493 8894
1770 8894
1770 9171
1493 9171
3 4
0 346
10000 9983
5427 5576
4948 7924
5218 7924
5218 8194
4948 8194
3 4
0 713
10000 7776
8873 6980
2680 1433
2943 1433
2943 1696
2680 1696
3 4
0 159
10000 9148
8091 7432
4581 7469
4837 7469
4837 7725
4581 7725
3 4
0 869
10000 9028
9761 8833
3584 8627
3834 8627
3834 8877
3584 8877
3 4
0 467
10000 9654
9877 9541
1349 3701
1592 3701
1592 3944
1349 3944
3 4
0 133
10000 9562
1331 1388
5070 1415
5308 1415
5308 1653
5070 1653
3 4
0 1994
10000 9835
6239 6886
3448 6989
3680 6989
3680 7221
3448 7221
3 4
0 457
10000 8608
649 986
8922 2008
9149 2008
9149 2235
8922 2235
3 4
0 147
10000 8038
4789 3926
5219 2162
5441 2162
5441 2384
5219 2384
3 4
0 469
10000 8358
8991 7562
7226 2925
7443 2925
7443 3142
7226 3142
3 4
0 239
10000 7960
7319 5890
9093 3420
9305 3420
9305 3632
9093 3632
3 4
0 559
10000 9986
5637 5873
8327 206
8535 206
8535 414
8327 414
3 4
0 812
10000 9891
7481 7604
7700 4794
7904 4794
7904 4998
7700 4998
3 4
0 123
10000 8926
6533 5874
9752 3765
9952 3765
9952 3965
9752 3965
3 4
0 1221
10000 8518
6367 5867
4868 1750
5064 1750
5064 1946
4868 1946
3 4
0 1332
10000 8811
9881 8722
1111 2172
1303 2172
1303 2364
1111 2364
3 4
0 1591
10000 8812
6819 6515
460 9581
648 9581
648 9769
460 9769
3 4
0 2042
10000 9625
753 2613
5519 9672
5704 9672
5704 9857
5519 9857
3 4
0 984
10000 9491
9357 8944
7614 54
7795 54
7795 235
7614 235
3 4
0 472
10000 9829
8507 8432
5518 1444
5696 1444
5696 1622
5518 1622
3 4
0 121
10000 9668
9117 8825
9207 699
9382 699
9382 874
9207 874
3 4
0 89
10000 8870
2379 2178
4186 885
4358 885
4358 1057
4186 1057
3 4
0 66
10000 7255
2291 1713
3961 7918
4130 7918
4130 8087
3961 8087
3 4
0 158
10000 8131
4963 4115
7169 6790
7335 6790
7335 6956
7169 6956
3 4
0 8
10000 9995
3077 3081
6701 2138
6864 2138
6864 2301
6701 2301
3 4
0 30
10000 9687
3207 3127
1310 37
1471 37
1471 198
1310 198
3 4
0 661
10000 8418
107 744
2222 3572
2380 3572
2380 3730
2222 3730
3 4
0 654
10000 9837
5153 5386
884 9743
1040 9743
1040 9899
884 9899
3 4
0 63
10000 8312
5751 4807
7471 5429
7624 5429
7624 5582
7471 5582
3 4
0 1742
10000 9115
3563 4369
7980 5308
8131 5308
8131 5459
7980 5459
3 4
0 1478
10000 9005
4537 4893
7620 5227
7769 5227
7769 5376
7620 5376
3 4
0 780
10000 9013
4103 4158
6653 2059
6800 2059
6800 2206
6653 2206
3 4
0 99
10000 9772
2263 2288
8480 6324
8624 6324
8624 6468
8480 6468
3 4
0 568
10000 9577
111 668
4262 5810
4404 5810
4404 5952
4262 5952
3 4
0 900
10000 9743
3293 3812
5617 8178
5757 8178
5757 8318
5617 8318
3 4
0 1535
10000 8796
5659 5644
9200 9792
9338 9792
9338 9930
9200 9930
3 4
0 110
10000 7831
7319 5761
3683 7612
3819 7612
3819 7748
3683 7748
3 4
0 1686
10000 9455
3671 4538
2209 9556
2344 9556
2344 9691
2209 9691
3 4
0 454
10000 7821
6297 5093
2678 1650
2811 1650
2811 1783
2678 1783
3 4
0 2434
10000 9577
9993 9572
17 4813
148 4813
148 4944
17 4944
3 4
0 792
10000 9335
8593 8133
7784 5885
7913 5885
7913 6014
7784 6014
3 4
0 106
10000 9959
7483 7479
216 5751
344 5751
344 5879
216 5879
3 4
0 174
10000 9515
7739 7403
2055 8357
2181 8357
2181 8483
2055 8483
3 4
0 504
10000 9107
8733 8017
7599 7413
7724 7413
7724 7538
7599 7538
3 4
0 2382
10000 9413
3129 4582
6204 1321
6327 1321
6327 1444
6204 1444
3 4
0 1786
10000 9639
9483 9233
4319 5898
4440 5898
4440 6019
4319 6019
3 4
0 251
10000 9760
611 832
1283 2402
1403 2402
1403 2522
1283 2522
3 4
0 415
10000 9688
4663 4739
7405 9750
7524 9750
7524 9869
7405 9869
3 4
0 198
10000 9555
8507 8158
6097 7444
6214 7444
6214 7561
6097 7561
3 4
0 602
10000 8243
2039 2160
8924 356
9040 356
9040 472
8924 472
3 4
0 344
10000 9911
6097 6177
7851 2539
7965 2539
7965 2653
7851 2653
3 4
0 1475
10000 9734
1861 3012
3234 5519
3347 5519
3347 5632
3234 5632
3 4
0 134
10000 9607
8463 8151
8956 4137
9068 4137
9068 4249
8956 4249
3 4
0 868
10000 9131
3673 3903
3766 5158
3877 5158
3877 5269
3766 5269
3 4
0 329
10000 8636
9557 8268
2591 7888
2700 7888
2700 7997
2591 7997
3 4
0 227
10000 9634
3457 3479
7233 7220
7341 7220
7341 7328
7233 7328
3 4
0 824
10000 9817
8143 8147
1662 3664
1769 3664
1769 3771
1662 3771
3 4
0 1367
10000 8656
391 1652
3215 4878
3321 4878
3321 4984
3215 4984
3 4
0 504
10000 9991
8577 8641
4587 2091
4692 2091
4692 2196
4587 2196
3 4
0 1489
10000 9480
6889 6994
2615 4605
2719 4605
2719 4709
2615 4709
3 4
0 574
10000 9571
7667 7472
1921 4962
2024 4962
2024 5065
1921 5065
3 4
0 825
10000 9876
1549 2227
5979 4650
6081 4650
6081 4752
5979 4752
3 4
0 607
10000 8468
4259 3955
1599 7945
1700 7945
1700 8046
1599 8046
3 4
0 77
10000 8690
6323 5523
8447 3095
8547 3095
8547 3195
8447 3195
0 0
