0.000000005584
0.000000010829
0.000000015011
0.000000022320
0.000000028349
0.000000031899
0.000000039300
0.000000045696
0.000000052819
0.000000051645
0.000000055107
0.000000064435
0.000000068597
0.000000077839
0.000000086557
0.000000083044
0.000000099287
0.000000093888
0.000000108333
0.000000111776
0.000000109527
0.000000118952
0.000000127505
0.000000130864
0.000000141941
0.000000149416
0.000000145628
0.000000148893
0.000000159961
0.000000152677
0.000000160753
0.000000167746
0.000000188450
0.000000179577
0.000000194037
0.000000189537
0.000000188608
0.000000222838
0.000000205711
0.000000220276
0.000000214480
0.000000216258
0.000000241598
0.000000242702
0.000000251775
0.000000257605
0.000000266180
0.000000247475
0.000000256930
0.000000265915
0.000000294967
0.000000297977
0.000000308876
0.000000307422
0.000000298528
0.000000290230
0.000000292336
0.000000309566
0.000000344241
0.000000335175
0.000000306948
0.000000315978
0.000000356429
0.000000334163
0.000000358154
0.000000381196
0.000000382918
0.000000373099
0.000000352994
0.000000370469
0.000000379072
0.000000419812
0.000000414928
0.000000416872
0.000000432936
0.000000445289
0.000000418052
0.000000393517
0.000000410346
0.000000430038
0.000000477370
0.000000462917
0.000000427153
0.000000436017
0.000000441546
0.000000488674
0.000000448302
0.000000484668
0.000000458510
0.000000493293
0.000000501137
0.000000477109
0.000000492065
0.000000545663
0.000000488726
0.000000534455
0.000000511067
0.000000514615
0.000000554336
0.000000537259
