0.000000096899
0.000001000000
0.000002586466
0.000001025641
0.000000254323
0.000002522017
0.000000433879
0.000000484318
0.000032146072
0.000020833333
0.000000908431
0.000001376697
0.000005001500
0.000003826667
0.000005687506
0.000000822622
0.000005416179
0.000004048993
0.000001054326
0.000001340483
0.000002429951
0.000002229396
0.000001360182
0.000001927819
0.000004636348
0.000005710892
0.000001656068
0.000001389445
0.000001759671
0.000001535278
0.000024615385
0.000002631468
0.000005491398
0.000002569003
0.000003677038
0.000002617918
0.000002411265
0.000015909127
0.000004302037
0.000002063983
0.000009460290
0.000006594957
0.000003787649
0.000007317751
0.000006170554
0.000009347454
0.000177336407
0.000009821928
0.000002672825
0.000004166667
0.000005129126
0.000014548417
0.000017849493
0.000002386612
0.000003611021
0.000004720990
0.000004822182
0.000015278605
0.000003125811
0.000008730574
0.000012701800
0.000032016392
0.000059708622
0.000004457758
0.000008611262
0.000080762397
0.000003764111
0.000022015279
0.000002324300
0.003521126761
0.000148809524
0.000021826436
0.000004260105
0.000015210282
0.000004059826
0.000020913939
0.000006682705
0.000006056202
0.000008740648
0.000004705882
0.000024341561
0.000053319115
0.000004499640
0.000015059787
0.000004732563
0.000004349490
0.000025310689
0.000007486935
0.000009876738
0.000005727278
0.000004247367
0.000043267567
0.000007530858
0.000038663780
0.000453514739
0.000005987164
0.000018925415
0.000011671335
0.000003831653
0.000031645570
