3 3
0 2759
10000 9818
6661 7461
0 133
10000 8224
8989 7406
3 3
1023 100
6023 9627
3560 4934
4396 139
9396 9866
5733 2740
3 3
3022 211
6355 9914
4407 4243
1056 133
4389 9720
2407 4019
3 3
4778 1396
7278 9945
5829 4990
2243 1765
4743 9924
4504 9144
3 3
1915 1277
3915 8954
3302 6601
4509 246
6509 9889
5002 2623
3 3
3325 1855
4991 9588
4218 6000
162 788
1828 8759
1531 7338
3 3
1999 252
3427 8537
2438 2799
2171 29
3599 9928
2436 1866
3 3
4095 765
5345 9766
4344 2558
6992 717
8242 8078
8251 8131
3 3
4866 209
5977 9534
5827 8275
8338 458
9449 9755
9267 8232
3 3
6554 628
7554 8907
7235 6266
1283 111
2283 8438
2020 6248
3 3
3310 53
4219 9846
3588 3048
7280 1080
8189 9662
7314 1401
3 3
9027 543
9860 9215
9273 3104
9052 998
9885 8798
9874 8695
3 3
1683 31
2452 7426
2220 5195
388 667
1157 8322
410 886
3 3
3234 857
3948 9954
3701 6807
8620 436
9334 9167
8931 4239
3 3
8490 544
9156 9723
8761 4279
6454 499
7120 9942
6773 5022
3 3
2401 97
3026 9248
2800 5939
3682 1801
4307 9007
3986 5306
3 3
3475 1595
4063 9618
3852 6739
2672 2158
3260 9867
2871 4767
3 3
3674 194
4229 9187
4062 6481
8376 1127
8931 9675
8819 7950
3 3
7079 229
7605 7496
7746 9444
9443 33
9969 8722
9890 7417
3 3
6572 1582
7072 9999
6819 5740
7048 88
7548 9997
7059 306
3 3
6479 796
6955 9951
6732 5662
8900 484
9376 8843
9417 9563
3 3
4656 540
5110 9347
4809 3508
1625 492
2079 8311
2070 8156
3 3
9076 274
9510 9133
9333 5520
5862 1398
6296 8563
6133 5872
3 3
8548 363
8964 9782
8897 8265
8456 1345
8872 9526
8875 9585
3 3
9376 672
9776 8591
9697 7027
8122 922
8522 8385
8595 9747
3 3
3270 449
3654 9922
3397 3582
5765 159
6149 9176
6012 5959
3 3
6274 454
6644 7881
6411 3204
86 496
456 9555
117 1255
3 3
7173 258
7530 9857
7414 6738
6820 349
7177 7932
7040 5022
3 3
4576 307
4920 7310
4741 3666
463 900
807 9555
488 1529
3 3
3895 473
4228 8307
4032 3696
4661 177
4994 9967
4666 324
3 3
4810 275
5132 7476
5143 7722
2099 1260
2421 8583
2196 3466
3 3
7622 2839
7934 9932
7825 7454
8290 396
8602 8707
8475 5324
3 3
9288 44
9591 9745
9409 3918
4842 26
5145 9126
5054 6393
3 3
6822 502
7116 9927
6943 4381
9513 499
9807 8600
9614 3282
3 3
2195 453
2480 9662
2211 970
4742 11
5027 8413
5079 9946
3 3
8849 332
9126 9929
9061 7677
8681 1596
8958 9814
8955 9725
3 3
359 672
629 7735
472 3628
1475 293
1745 8892
1666 6376
3 3
2727 306
2990 9826
2904 6713
4253 97
4516 9856
4469 8112
3 3
3069 358
3325 8693
3214 5079
4053 153
4309 9396
4290 8710
3 3
4336 1705
4586 9028
4449 5015
8612 136
8862 9397
8771 6026
3 3
1252 1127
1495 9798
1353 4731
5043 72
5286 9178
5174 4981
3 3
1713 145
1951 8718
1808 3567
1066 1662
1304 9611
1309 9778
3 3
889 130
1121 9569
978 3751
870 160
1102 8461
961 3416
3 3
5170 1889
5397 9427
5368 8464
3991 1405
4218 9545
4140 6748
3 3
1998 0
2220 8405
2041 1628
3213 31
3435 7706
3428 7464
3 3
1735 1655
1952 9843
1851 6032
1199 1324
1416 9019
1314 5402
3 3
5056 1629
5268 9178
5291 9997
239 297
451 7870
354 4405
3 3
9474 986
9682 9389
9687 9591
5 900
213 9781
180 8372
3 3
76 154
280 9987
275 9746
6066 492
6270 8491
6251 7746
3 3
9024 174
9224 9973
9025 223
8211 1149
8411 9748
8212 1192
3 3
6270 1836
6466 9745
6341 4701
4730 13
4926 8846
4941 9522
3 3
905 164
1097 8029
960 2417
1318 1586
1510 9093
1419 5535
3 3
6344 807
6532 9486
6441 5285
3069 1349
3257 9730
3188 6654
3 3
354 1668
539 8770
521 8079
3464 98
3649 9371
3657 9772
3 3
3468 859
3649 9584
3512 2980
3894 1250
4075 8445
4071 8286
3 3
8065 1497
8243 9690
8136 4765
9500 338
9678 9721
9507 707
3 3
8841 27
9016 9453
8965 6706
482 823
657 9064
646 8546
3 3
7542 726
7714 9525
7663 6916
4429 430
4601 9603
4604 9763
3 3
9088 262
9257 7993
9202 5477
6585 293
6754 9917
6679 5646
3 3
1296 104
1462 8929
1339 2390
9338 736
9504 8871
9503 8822
3 3
6183 2539
6346 9626
6323 8626
8671 378
8834 7948
8714 2375
3 3
6615 167
6776 9807
6768 9328
1149 375
1310 9821
1228 5010
3 3
2804 111
2962 9974
2837 2171
1455 103
1613 9860
1532 4858
3 3
2606 1279
2762 9788
2617 1879
6271 40
6427 9987
6368 6225
3 3
8625 252
8778 9829
8741 7513
9413 63
9566 8881
9454 2426
3 3
9459 1882
9610 9651
9590 8622
9279 1629
9430 9316
9333 4378
3 3
7403 1648
7552 9713
7450 4192
4428 35
4577 9883
4545 7768
3 3
4300 492
4447 9226
4353 3641
972 211
1119 9254
1001 1995
3 3
1745 134
1889 9297
1870 8088
6963 278
7107 7279
7162 9953
3 3
7985 292
8127 9929
8000 1310
6213 361
6355 9996
6328 8164
3 3
2669 101
2809 9442
2748 5372
4198 637
4338 9930
4301 7474
3 3
6937 1191
7075 9674
7058 8629
5062 684
5200 9499
5127 4836
3 3
2654 57
2790 9992
2751 7143
417 400
553 8609
528 7100
3 3
5148 236
5283 8223
5240 5679
99 1316
234 9790
160 5145
3 3
3278 870
3411 8578
3389 7303
3444 163
3577 9723
3469 1960
3 3
4351 649
4482 8670
4399 3588
2087 109
2218 7765
2157 4200
3 3
6790 904
6919 9702
6914 9361
7258 8
7387 9966
7356 7573
3 3
5653 168
5781 9995
5706 4237
8328 419
8456 8956
8351 1953
3 3
6053 1032
6179 8975
6078 2608
5027 724
5153 9575
5092 5290
3 3
1670 573
1795 8761
1793 8630
7926 0
8051 9888
7974 3797
3 3
6210 1313
6333 9276
6260 4550
4860 1106
4983 9403
4972 8661
3 3
6429 492
6550 8112
6510 5593
6435 1796
6556 9571
6474 4302
3 3
9493 1203
9613 8794
9582 6833
6931 56
7051 9499
6944 1079
3 3
4400 258
4519 8484
4511 7931
1245 589
1364 9373
1337 7380
3 3
6927 1816
7044 9602
6980 5343
4132 191
4249 9783
4191 5028
3 3
4534 1821
4650 9410
4605 6466
7948 416
8064 9987
8005 5119
3 3
9118 718
9232 9131
9237 9500
3802 162
3916 8243
3881 5762
3 3
4078 74
4191 8957
4096 1489
8106 1728
8219 9429
8199 8066
3 3
4591 1316
4703 8779
4632 4048
6073 202
6185 8569
6090 1472
3 3
110 1140
221 8260
214 7811
13 260
124 8953
32 1748
3 3
5282 896
5391 8180
5305 2433
5606 494
5715 9938
5620 1707
3 3
6829 601
6937 8082
6896 5242
3966 2452
4074 9719
4067 9248
3 3
9120 965
9227 9610
9193 6863
6878 76
6985 9962
6906 2663
3 3
6820 137
6926 9822
6839 1873
1666 18
1772 9947
1769 9666
3 3
9081 693
9186 9874
9170 8475
6246 390
6351 9592
6293 4509
3 3
4168 61
4272 8708
4265 8126
4813 1648
4917 8689
4860 4830
3 3
1321 635
1424 9895
1352 3422
4297 169
4400 9942
4340 4249
3 3
4673 1042
4775 8925
4680 1583
3343 1092
3445 8135
3404 5304
3 3
7248 94
7349 9853
7256 867
8981 1449
9082 8624
9006 3225
3 3
79 258
179 8971
102 2262
5327 566
5427 9595
5358 3365
0 0
