3 500
2282 6083
2262 6058
2271 6068
9312 4204
9287 4203
9263 4202
9240 4201
9218 4200
9197 4199
9177 4198
9158 4197
9140 4196
9115 4194
9103 4193
9080 4191
9059 4189
9039 4187
9020 4185
9003 4183
8978 4180
8955 4177
8940 4175
8918 4172
8904 4170
8884 4167
8865 4164
8840 4160
8822 4157
8799 4153
8782 4150
8760 4146
8744 4143
8720 4138
8701 4134
8683 4130
8666 4126
8645 4121
8620 4115
8604 4111
8581 4105
8562 4100
8547 4096
8536 4093
8511 4086
8497 4082
8473 4075
8460 4071
8441 4065
8419 4058
8394 4050
8388 4048
8374 4043
8349 4034
8327 4026
8308 4019
8300 4016
8279 4008
8266 4003
8244 3994
8227 3987
8215 3982
8196 3974
8189 3971
8173 3964
8148 3953
8130 3945
8110 3936
8097 3930
8080 3922
8061 3913
8040 3903
8017 3892
7993 3880
7972 3869
7955 3860
7937 3850
7912 3836
7889 3823
7875 3815
7858 3805
7840 3794
7827 3786
7806 3773
7787 3761
7765 3747
7751 3738
7728 3723
7706 3708
7690 3697
7673 3685
7649 3668
7624 3650
7606 3637
7591 3626
7568 3609
7543 3590
7526 3577
7513 3567
7491 3550
7468 3532
7449 3517
7425 3498
7404 3481
7388 3468
7377 3459
7354 3440
7342 3430
7317 3409
7298 3393
7285 3382
7264 3364
7242 3345
7227 3332
7204 3312
7179 3290
7162 3275
7144 3259
7121 3238
7109 3227
7096 3215
7082 3202
7066 3187
7049 3171
7031 3154
7012 3136
6992 3117
6971 3097
6949 3076
6926 3054
6902 3031
6879 3007
6857 2984
6836 2962
6823 2948
6811 2935
6801 2924
6784 2905
6768 2887
6746 2862
6725 2838
6705 2815
6692 2800
6680 2786
6663 2766
6652 2753
6636 2734
6626 2722
6612 2705
6603 2694
6586 2673
6582 2668
6563 2644
6545 2621
6538 2612
6525 2595
6509 2574
6493 2552
6480 2534
6462 2509
6445 2485
6433 2468
6426 2458
6410 2435
6399 2419
6384 2397
6367 2372
6355 2354
6342 2334
6333 2320
6317 2295
6303 2273
6288 2249
6275 2228
6264 2210
6261 2205
6248 2183
6239 2167
6225 2142
6214 2122
6208 2111
6201 2098
6193 2083
6183 2064
6172 2043
6159 2018
6154 2008
6142 1983
6132 1962
6123 1943
6116 1928
6110 1915
6099 1891
6090 1871
6086 1862
6075 1837
6068 1821
6058 1798
6052 1784
6044 1765
6034 1741
6025 1719
6016 1696
6009 1678
6004 1665
5996 1644
5990 1628
5981 1603
5976 1589
5969 1569
5961 1546
5957 1534
5950 1512
5944 1493
5939 1477
5932 1454
5925 1430
5923 1423
5916 1398
5912 1383
5907 1364
5901 1341
5897 1324
5894 1311
5889 1289
5885 1270
5880 1246
5876 1225
5873 1209
5869 1187
5866 1170
5862 1147
5858 1123
5854 1098
5851 1078
5848 1056
5846 1041
5845 1033
5842 1008
5840 991
5839 982
5837 963
5836 953
5835 942
5833 919
5832 907
5830 882
5829 869
5828 853
5827 835
5826 813
5825 790
5824 765
5824 761
5836 761
5861 762
5884 763
5905 764
5924 765
5942 766
5959 767
5975 768
5990 769
6003 770
6028 772
6049 774
6069 776
6088 778
6113 781
6129 783
6152 786
6174 789
6188 791
6207 794
6223 797
6244 801
6268 806
6282 809
6305 814
6323 818
6336 821
6353 825
6374 830
6397 836
6416 841
6427 844
6445 849
6469 856
6486 861
6496 864
6519 871
6535 876
6554 882
6560 884
6583 892
6600 898
6622 906
6641 913
6649 916
6670 924
6683 929
6701 936
6724 945
6734 949
6756 958
6775 966
6798 976
6814 983
6839 994
6848 998
6868 1007
6890 1017
6914 1028
6927 1034
6942 1041
6959 1049
6980 1059
7003 1071
7020 1080
7035 1088
7048 1095
7072 1108
7092 1119
7101 1124
7126 1138
7142 1147
7165 1160
7172 1164
7191 1175
7204 1183
7225 1196
7241 1206
7260 1218
7282 1232
7307 1248
7327 1261
7350 1276
7362 1284
7387 1301
7409 1316
7428 1329
7444 1340
7467 1356
7487 1370
7504 1382
7528 1399
7535 1404
7546 1412
7561 1423
7569 1429
7594 1448
7615 1464
7632 1477
7654 1494
7668 1505
7689 1522
7705 1535
7722 1549
7740 1564
7759 1580
7772 1591
7792 1608
7807 1621
7831 1642
7856 1664
7873 1679
7891 1695
7910 1712
7920 1721
7941 1740
7964 1761
7976 1772
8001 1795
8014 1807
8028 1820
8043 1834
8059 1849
8076 1865
8095 1883
8115 1902
8137 1923
8162 1947
8176 1961
8200 1986
8222 2009
8241 2029
8259 2048
8276 2066
8290 2081
8302 2094
8325 2119
8336 2131
8357 2154
8367 2165
8385 2185
8401 2203
8423 2228
8437 2244
8457 2267
8470 2282
8481 2295
8497 2314
8518 2339
8538 2363
8547 2374
8560 2390
8577 2411
8585 2421
8600 2440
8611 2454
8628 2476
8638 2489
8654 2510
8673 2535
8690 2558
8704 2577
8720 2599
8733 2617
8751 2642
8758 2652
8767 2665
8782 2687
8799 2712
8807 2724
8822 2747
8835 2767
8846 2784
8855 2798
8871 2823
8878 2834
8890 2853
8903 2874
8911 2887
8922 2905
8936 2928
8949 2950
8959 2967
8972 2990
8986 3015
8992 3026
9005 3050
9012 3063
9020 3078
9029 3095
9039 3114
9051 3137
9064 3162
9076 3186
9085 3205
9093 3222
9099 3235
9109 3257
9117 3275
9128 3300
9135 3316
9145 3340
9152 3357
9161 3379
9170 3402
9175 3415
9184 3439
9188 3450
9197 3475
9202 3489
9208 3506
9215 3526
9220 3541
9227 3563
9231 3576
9238 3599
9244 3619
9249 3636
9256 3660
9263 3685
9268 3703
9274 3726
9275 3730
9281 3755
9286 3776
9290 3793
9293 3806
9295 3815
9297 3825
9301 3846
9304 3862
9307 3879
9308 3885
9310 3898
9312 3913
9315 3937
9317 3954
9319 3973
9321 3993
9323 4016
9325 4041
9326 4054
9327 4068
9328 4086
9329 4106
9330 4128
9331 4151
9332 4175
9333 4200
9333 4204
0 0
