3 500
7057 9450
7034 9442
7034 9425
6670 6283
6645 6282
6621 6281
6598 6280
6577 6279
6557 6278
6538 6277
6520 6276
6503 6275
6487 6274
6472 6273
6458 6272
6445 6271
6420 6269
6409 6268
6390 6266
6373 6264
6365 6263
6342 6260
6327 6258
6305 6255
6284 6252
6271 6250
6252 6247
6227 6243
6204 6239
6187 6236
6165 6232
6144 6228
6124 6224
6100 6219
6077 6214
6056 6209
6052 6208
6033 6203
6022 6200
6004 6195
5979 6188
5965 6184
5941 6177
5924 6172
5904 6166
5891 6162
5869 6155
5844 6147
5821 6139
5804 6133
5779 6124
5757 6116
5738 6109
5722 6103
5709 6098
5691 6091
5668 6082
5663 6080
5641 6071
5624 6064
5612 6059
5591 6050
5575 6043
5550 6032
5530 6023
5506 6012
5489 6004
5470 5995
5446 5983
5421 5970
5398 5958
5377 5947
5362 5939
5349 5932
5338 5926
5322 5917
5299 5904
5292 5900
5273 5889
5261 5882
5239 5869
5216 5855
5198 5844
5185 5836
5168 5825
5148 5812
5125 5797
5112 5788
5089 5772
5069 5758
5052 5746
5027 5728
5009 5715
4998 5707
4979 5693
4956 5676
4936 5661
4915 5645
4898 5632
4875 5614
4861 5603
4837 5584
4832 5580
4811 5563
4795 5550
4773 5532
4749 5512
4724 5491
4700 5470
4675 5448
4657 5432
4638 5415
4617 5396
4605 5385
4580 5362
4565 5348
4549 5333
4531 5316
4511 5297
4489 5276
4465 5253
4440 5229
4417 5205
4395 5182
4377 5163
4360 5145
4346 5130
4333 5116
4321 5103
4298 5078
4276 5054
4255 5031
4245 5020
4227 5000
4205 4975
4192 4960
4173 4938
4155 4917
4138 4897
4127 4884
4122 4878
4108 4861
4090 4839
4077 4823
4060 4802
4040 4777
4021 4753
4006 4734
3988 4711
3974 4693
3957 4671
3941 4650
3935 4642
3918 4619
3907 4604
3899 4593
3884 4572
3867 4548
3855 4531
3846 4518
3835 4502
3820 4480
3803 4455
3788 4432
3775 4412
3764 4395
3755 4381
3739 4356
3724 4332
3711 4311
3703 4298
3692 4280
3678 4257
3675 4252
3661 4228
3652 4212
3638 4187
3627 4167
3615 4145
3607 4130
3598 4113
3588 4094
3577 4073
3565 4050
3552 4025
3549 4019
3537 3994
3526 3971
3516 3950
3508 3933
3502 3920
3491 3896
3486 3885
3477 3865
3473 3856
3466 3840
3456 3817
3453 3810
3445 3791
3438 3774
3429 3752
3424 3739
3416 3718
3410 3702
3403 3683
3395 3661
3386 3636
3381 3622
3375 3605
3367 3582
3359 3558
3351 3533
3344 3511
3338 3492
3333 3476
3326 3453
3319 3429
3315 3415
3310 3397
3307 3386
3303 3371
3298 3352
3292 3329
3290 3321
3284 3296
3281 3283
3276 3261
3271 3238
3268 3224
3263 3200
3262 3195
3258 3174
3256 3163
3252 3140
3250 3127
3247 3107
3244 3085
3242 3070
3239 3047
3237 3031
3234 3006
3232 2989
3230 2971
3228 2950
3226 2925
3225 2912
3224 2898
3223 2883
3222 2867
3221 2849
3220 2830
3219 2810
3218 2789
3217 2767
3216 2744
3216 2743
3240 2744
3262 2745
3283 2746
3303 2747
3321 2748
3337 2749
3351 2750
3364 2751
3389 2753
3412 2755
3423 2756
3444 2758
3454 2759
3473 2761
3498 2764
3506 2765
3528 2768
3549 2771
3562 2773
3568 2774
3585 2777
3607 2781
3628 2785
3652 2790
3671 2794
3685 2797
3708 2802
3717 2804
3730 2807
3751 2812
3759 2814
3778 2819
3803 2826
3824 2832
3848 2839
3861 2843
3877 2848
3902 2856
3926 2864
3943 2870
3957 2875
3982 2884
4004 2892
4023 2899
4036 2904
4059 2913
4079 2921
4101 2930
4118 2937
4142 2947
4158 2954
4183 2965
4203 2974
4214 2979
4238 2990
4251 2996
4266 3003
4287 3013
4312 3025
4335 3037
4352 3046
4367 3054
4380 3061
4404 3074
4422 3084
4445 3097
4466 3109
4490 3123
4507 3133
4512 3136
4535 3150
4553 3161
4566 3169
4587 3182
4595 3187
4614 3199
4636 3213
4661 3229
4678 3240
4701 3255
4719 3267
4744 3284
4766 3299
4785 3312
4798 3321
4815 3333
4836 3348
4861 3366
4872 3374
4887 3385
4906 3399
4931 3418
4948 3431
4961 3441
4970 3448
4993 3466
5017 3485
5038 3502
5054 3515
5065 3524
5088 3543
5113 3564
5126 3575
5146 3592
5160 3604
5182 3623
5205 3643
5214 3651
5233 3668
5243 3677
5264 3696
5275 3706
5298 3727
5322 3749
5347 3772
5363 3787
5380 3803
5400 3822
5421 3842
5443 3863
5466 3885
5490 3908
5515 3932
5522 3939
5546 3964
5565 3984
5583 4003
5600 4021
5614 4036
5627 4050
5649 4074
5670 4097
5689 4118
5704 4135
5726 4160
5740 4176
5753 4191
5772 4213
5790 4234
5807 4254
5823 4273
5838 4291
5857 4314
5871 4331
5889 4353
5902 4369
5917 4388
5928 4402
5946 4425
5960 4443
5977 4465
5987 4478
6000 4495
6016 4516
6035 4541
6052 4564
6063 4579
6071 4590
6084 4608
6102 4633
6118 4656
6127 4669
6138 4685
6151 4704
6168 4729
6184 4753
6199 4776
6212 4796
6223 4813
6233 4829
6244 4847
6250 4857
6263 4879
6273 4896
6280 4908
6291 4927
6299 4941
6312 4964
6318 4975
6331 4999
6338 5012
6347 5029
6359 5052
6370 5075
6380 5096
6389 5115
6396 5130
6407 5154
6416 5174
6427 5199
6434 5215
6444 5238
6452 5257
6457 5269
6464 5286
6473 5308
6483 5333
6490 5351
6498 5372
6501 5380
6505 5391
6514 5416
6519 5430
6527 5453
6533 5471
6541 5496
6548 5518
6553 5534
6557 5547
6564 5570
6570 5590
6575 5607
6582 5631
6584 5638
6591 5663
6595 5678
6601 5701
6605 5717
6611 5742
6615 5759
6618 5772
6623 5794
6627 5812
6630 5826
6635 5850
6637 5860
6640 5877
6644 5900
6648 5925
6651 5944
6654 5966
6657 5989
6659 6005
6662 6030
6664 6049
6666 6069
6668 6090
6670 6112
6671 6124
6673 6149
6674 6162
6675 6178
6676 6195
6677 6214
6678 6237
6679 6261
6679 6283
0 0
