3 500
9164 1548
9160 1538
9159 1523
9348 9457
9323 9456
9299 9455
9276 9454
9255 9453
9235 9452
9216 9451
9198 9450
9181 9449
9167 9448
9142 9446
9131 9445
9121 9444
9112 9443
9095 9441
9087 9440
9064 9437
9044 9434
9031 9432
9008 9428
8997 9426
8977 9422
8958 9418
8944 9415
8922 9410
8905 9406
8893 9403
8870 9397
8851 9392
8836 9388
8825 9385
8807 9380
8782 9373
8761 9367
8737 9360
8720 9355
8710 9352
8691 9346
8669 9339
8644 9331
8638 9329
8615 9321
8595 9314
8581 9309
8556 9300
8532 9291
8511 9283
8498 9278
8475 9269
8450 9259
8433 9252
8409 9242
8390 9234
8383 9231
8360 9221
8344 9214
8335 9210
8324 9205
8300 9194
8287 9188
8272 9181
8255 9173
8232 9162
8207 9150
8185 9139
8166 9129
8149 9120
8125 9107
8105 9096
8096 9091
8080 9082
8061 9071
8037 9057
8020 9047
7998 9034
7973 9019
7950 9005
7932 8994
7919 8986
7898 8973
7882 8963
7863 8951
7852 8944
7838 8935
7818 8922
7795 8907
7786 8901
7767 8888
7751 8877
7738 8868
7714 8851
7700 8841
7675 8823
7664 8815
7649 8804
7630 8790
7606 8772
7581 8753
7564 8740
7551 8730
7529 8713
7511 8699
7488 8681
7474 8670
7450 8651
7429 8634
7413 8621
7391 8603
7366 8582
7341 8560
7332 8552
7313 8535
7303 8526
7292 8516
7269 8495
7244 8472
7231 8460
7217 8447
7201 8432
7184 8416
7162 8395
7139 8373
7115 8350
7101 8336
7080 8314
7060 8293
7041 8273
7023 8254
7009 8239
6997 8226
6974 8201
6953 8178
6943 8167
6924 8146
6906 8126
6899 8118
6879 8095
6866 8080
6847 8058
6829 8037
6812 8017
6801 8004
6785 7985
6764 7960
6754 7948
6735 7925
6726 7914
6713 7898
6709 7893
6694 7874
6677 7852
6664 7835
6645 7810
6631 7791
6618 7773
6600 7748
6590 7734
6573 7710
6561 7693
6548 7674
6533 7652
6516 7627
6502 7606
6487 7583
6474 7563
6458 7538
6446 7519
6436 7503
6423 7482
6412 7464
6406 7454
6393 7432
6383 7415
6376 7403
6365 7384
6361 7377
6348 7354
6339 7338
6325 7313
6314 7293
6308 7282
6295 7258
6287 7243
6278 7226
6266 7203
6259 7189
6248 7166
6238 7145
6229 7126
6221 7109
6214 7094
6208 7081
6197 7057
6187 7035
6178 7015
6171 6999
6163 6980
6156 6963
6147 6941
6143 6931
6134 6908
6129 6895
6126 6887
6117 6862
6112 6848
6106 6831
6098 6808
6090 6784
6084 6765
6079 6749
6075 6736
6068 6713
6063 6696
6056 6672
6049 6647
6044 6629
6041 6618
6037 6603
6031 6580
6025 6555
6020 6534
6016 6517
6013 6504
6008 6481
6004 6462
6000 6441
5997 6425
5993 6403
5989 6380
5986 6362
5982 6337
5979 6317
5978 6310
5976 6295
5975 6287
5972 6262
5970 6245
5969 6236
5967 6217
5965 6196
5963 6173
5962 6161
5961 6148
5960 6134
5959 6119
5958 6102
5957 6084
5956 6063
5955 6041
5954 6018
5953 5994
5953 5981
5978 5982
6000 5983
6021 5984
6041 5985
6059 5986
6075 5987
6090 5988
6103 5989
6128 5991
6152 5993
6175 5995
6197 5997
6217 5999
6234 6001
6259 6004
6275 6006
6290 6008
6312 6011
6326 6013
6346 6016
6359 6018
6378 6021
6403 6025
6426 6029
6442 6032
6466 6037
6485 6041
6508 6046
6530 6051
6543 6054
6560 6058
6581 6063
6606 6069
6610 6070
6633 6076
6652 6081
6677 6088
6694 6093
6717 6100
6730 6104
6752 6111
6775 6119
6792 6125
6806 6130
6831 6139
6842 6143
6850 6146
6868 6153
6891 6162
6896 6164
6918 6173
6941 6183
6966 6194
6984 6202
7006 6212
7030 6223
7043 6229
7058 6236
7075 6244
7096 6254
7119 6265
7137 6274
7160 6286
7179 6296
7194 6304
7207 6311
7231 6324
7247 6333
7264 6343
7286 6356
7301 6365
7324 6379
7342 6390
7363 6403
7387 6418
7409 6432
7434 6448
7448 6457
7465 6468
7488 6483
7513 6500
7535 6515
7551 6526
7564 6535
7587 6551
7612 6569
7630 6582
7645 6593
7668 6610
7684 6622
7697 6632
7719 6649
7728 6656
7751 6674
7770 6689
7791 6706
7807 6719
7829 6737
7846 6751
7869 6770
7893 6790
7906 6801
7926 6818
7948 6837
7963 6850
7987 6871
7996 6879
8015 6896
8025 6905
8048 6926
8073 6949
8086 6961
8103 6977
8121 6994
8142 7014
8164 7035
8187 7057
8207 7077
8229 7100
8250 7122
8270 7143
8288 7162
8304 7179
8319 7195
8331 7208
8353 7232
8374 7255
8394 7277
8413 7298
8431 7318
8448 7337
8456 7346
8471 7363
8491 7386
8504 7401
8521 7421
8537 7440
8547 7452
8563 7472
8578 7491
8596 7514
8606 7527
8619 7544
8635 7565
8653 7589
8667 7608
8678 7623
8686 7634
8699 7652
8714 7673
8731 7697
8743 7714
8757 7734
8773 7757
8786 7776
8803 7801
8807 7807
8818 7824
8834 7849
8848 7871
8861 7892
8869 7905
8883 7928
8892 7943
8905 7965
8915 7982
8926 8001
8938 8022
8951 8045
8960 8061
8971 8081
8984 8105
8991 8118
8999 8133
9008 8150
9018 8169
9030 8192
9043 8217
9049 8229
9060 8252
9070 8273
9081 8297
9085 8306
9096 8331
9102 8345
9112 8369
9119 8386
9128 8408
9138 8433
9147 8456
9152 8469
9161 8493
9168 8512
9172 8523
9181 8548
9186 8562
9192 8579
9199 8599
9207 8622
9212 8637
9220 8662
9227 8684
9233 8703
9238 8719
9241 8729
9248 8753
9254 8774
9261 8799
9266 8817
9269 8828
9273 8843
9278 8862
9284 8885
9289 8905
9294 8926
9298 8943
9301 8956
9306 8978
9308 8987
9311 9001
9316 9025
9317 9030
9321 9051
9324 9067
9328 9089
9331 9106
9333 9119
9336 9139
9337 9146
9339 9161
9340 9169
9342 9186
9344 9205
9345 9215
9346 9227
9347 9240
9348 9254
9349 9269
9350 9285
9351 9302
9352 9321
9353 9341
9354 9362
9355 9384
9356 9407
9357 9431
9358 9456
9358 9457
0 0
