3 500
3513 5237
3500 5233
3489 5214
8501 9942
8478 9941
8456 9940
8436 9939
8417 9938
8399 9937
8382 9936
8366 9935
8353 9934
8328 9932
8306 9930
8296 9929
8287 9928
8262 9925
8240 9922
8219 9919
8199 9916
8186 9914
8167 9911
8142 9907
8119 9903
8097 9899
8081 9896
8071 9894
8047 9889
8028 9885
8014 9882
7991 9877
7982 9875
7960 9870
7947 9867
7926 9862
7901 9856
7878 9850
7867 9847
7842 9840
7828 9836
7804 9829
7781 9822
7765 9817
7746 9811
7737 9808
7714 9800
7697 9794
7672 9785
7653 9778
7632 9770
7619 9765
7596 9756
7571 9746
7554 9739
7540 9733
7517 9723
7493 9712
7478 9705
7459 9696
7434 9684
7430 9682
7405 9669
7382 9657
7361 9646
7342 9636
7325 9627
7310 9619
7297 9612
7273 9599
7253 9588
7237 9579
7216 9567
7204 9560
7182 9547
7159 9533
7146 9525
7138 9520
7113 9504
7099 9495
7082 9484
7062 9471
7039 9456
7027 9448
7005 9433
6986 9420
6973 9411
6950 9395
6933 9383
6909 9366
6902 9361
6877 9343
6859 9330
6837 9314
6812 9295
6791 9279
6774 9266
6752 9249
6729 9231
6715 9220
6691 9201
6675 9188
6653 9170
6630 9151
6611 9135
6598 9124
6578 9107
6571 9101
6556 9088
6533 9068
6517 9054
6500 9039
6482 9023
6472 9014
6451 8995
6429 8975
6406 8954
6393 8942
6379 8929
6364 8915
6342 8894
6319 8872
6294 8848
6279 8833
6256 8809
6234 8786
6213 8764
6193 8743
6174 8723
6156 8704
6139 8686
6123 8669
6108 8653
6094 8638
6081 8624
6069 8611
6046 8586
6024 8562
6003 8539
5983 8517
5964 8496
5955 8486
5938 8467
5930 8458
5915 8441
5893 8416
5873 8393
5862 8380
5841 8355
5836 8349
5817 8326
5803 8309
5785 8287
5768 8266
5748 8241
5729 8217
5714 8198
5701 8181
5685 8160
5666 8135
5654 8119
5637 8096
5623 8077
5607 8055
5594 8037
5576 8012
5559 7988
5545 7968
5529 7945
5516 7926
5499 7901
5491 7889
5476 7866
5463 7846
5452 7829
5443 7815
5429 7793
5421 7780
5410 7762
5400 7745
5393 7733
5381 7712
5367 7687
5357 7669
5346 7649
5334 7627
5327 7614
5318 7597
5308 7578
5296 7555
5295 7553
5283 7528
5272 7505
5262 7484
5253 7465
5245 7448
5238 7433
5232 7420
5222 7398
5213 7378
5209 7369
5198 7344
5188 7321
5181 7304
5172 7282
5168 7272
5159 7249
5152 7230
5148 7219
5143 7205
5137 7188
5130 7168
5122 7145
5121 7142
5116 7126
5109 7102
5102 7077
5097 7059
5093 7044
5087 7021
5084 7009
5078 6984
5074 6967
5071 6954
5066 6932
5061 6909
5058 6895
5054 6876
5052 6866
5048 6845
5045 6828
5041 6805
5037 6781
5034 6762
5031 6741
5028 6719
5025 6694
5024 6685
5022 6666
5020 6646
5018 6625
5016 6602
5015 6589
5014 6573
5013 6555
5012 6535
5011 6514
5010 6490
5009 6465
5009 6441
5021 6441
5046 6442
5070 6443
5093 6444
5115 6445
5136 6446
5156 6447
5175 6448
5193 6449
5209 6450
5224 6451
5238 6452
5251 6453
5276 6455
5288 6456
5299 6457
5320 6459
5340 6461
5359 6463
5377 6465
5394 6467
5419 6470
5443 6473
5458 6475
5480 6478
5500 6481
5513 6483
5531 6486
5548 6489
5570 6493
5586 6496
5611 6501
5630 6505
5644 6508
5667 6513
5676 6515
5698 6520
5711 6523
5736 6529
5759 6535
5778 6540
5793 6544
5807 6548
5817 6551
5840 6558
5859 6564
5884 6572
5904 6579
5921 6585
5935 6590
5957 6598
5973 6604
5994 6612
6012 6619
6035 6628
6057 6637
6074 6644
6098 6654
6105 6657
6121 6664
6141 6673
6165 6684
6178 6690
6193 6697
6214 6707
6237 6718
6260 6730
6279 6740
6294 6748
6307 6755
6331 6768
6353 6780
6373 6791
6389 6800
6412 6813
6426 6821
6445 6832
6462 6842
6484 6855
6497 6863
6505 6868
6524 6880
6549 6896
6563 6905
6583 6918
6606 6933
6615 6939
6640 6956
6659 6969
6675 6980
6688 6989
6711 7005
6721 7012
6745 7029
6770 7047
6781 7055
6804 7072
6829 7091
6842 7101
6864 7118
6882 7132
6901 7147
6925 7166
6946 7183
6963 7197
6986 7216
7010 7236
7023 7247
7043 7264
7050 7270
7073 7290
7097 7311
7114 7326
7124 7335
7145 7354
7168 7375
7181 7387
7195 7400
7213 7417
7233 7436
7255 7457
7278 7479
7302 7502
7327 7526
7351 7551
7370 7571
7388 7590
7405 7608
7421 7625
7436 7641
7459 7666
7480 7689
7490 7700
7509 7721
7518 7731
7535 7750
7550 7767
7572 7792
7579 7800
7599 7823
7618 7845
7624 7852
7641 7872
7652 7885
7668 7904
7673 7910
7692 7933
7706 7950
7724 7972
7739 7991
7750 8005
7768 8028
7782 8046
7799 8068
7812 8085
7828 8106
7831 8110
7848 8133
7862 8152
7873 8167
7889 8189
7902 8207
7920 8232
7935 8253
7947 8270
7958 8286
7971 8305
7986 8327
7999 8347
8010 8364
8019 8378
8026 8389
8036 8405
8047 8423
8061 8446
8073 8466
8086 8488
8099 8511
8113 8536
8123 8554
8134 8574
8140 8585
8147 8598
8156 8615
8166 8634
8177 8655
8189 8678
8198 8696
8210 8721
8219 8740
8227 8757
8234 8772
8240 8785
8245 8796
8254 8816
8265 8841
8272 8857
8282 8880
8285 8887
8293 8906
8302 8928
8311 8951
8316 8964
8324 8985
8327 8993
8335 9015
8344 9040
8349 9054
8355 9071
8362 9091
8369 9113
8374 9129
8378 9142
8385 9165
8392 9189
8394 9196
8401 9221
8407 9243
8411 9258
8416 9277
8417 9281
8423 9306
8428 9327
8432 9344
8437 9366
8440 9380
8444 9399
8449 9423
8453 9443
8457 9464
8460 9480
8464 9502
8467 9519
8470 9538
8472 9551
8475 9571
8476 9578
8479 9600
8482 9623
8484 9640
8485 9649
8487 9670
8489 9692
8491 9716
8492 9729
8493 9746
8494 9764
8495 9783
8496 9803
8497 9824
8498 9846
8499 9869
8500 9893
8501 9918
0 0
