3 500
9270 6087
9249 6063
9267 6064
7557 9757
7532 9756
7514 9755
7497 9754
7483 9753
7458 9751
7446 9750
7423 9748
7412 9747
7391 9745
7371 9743
7353 9741
7336 9739
7320 9737
7297 9734
7282 9732
7261 9729
7236 9725
7219 9722
7203 9719
7182 9715
7158 9710
7139 9706
7125 9703
7102 9698
7093 9696
7071 9691
7054 9687
7029 9681
7017 9678
6994 9672
6975 9667
6953 9661
6935 9656
6910 9649
6886 9642
6863 9635
6850 9631
6831 9625
6809 9618
6784 9610
6761 9602
6741 9595
6724 9589
6699 9580
6680 9573
6664 9567
6644 9559
6622 9550
6605 9543
6584 9534
6568 9527
6559 9523
6535 9512
6522 9506
6507 9499
6490 9491
6471 9482
6448 9471
6423 9459
6415 9455
6392 9443
6371 9432
6354 9423
6341 9416
6317 9403
6295 9391
6286 9386
6261 9372
6245 9363
6222 9350
6208 9342
6184 9328
6174 9322
6151 9308
6133 9297
6120 9289
6099 9276
6080 9264
6069 9257
6044 9241
6030 9232
6013 9221
5990 9206
5972 9194
5947 9177
5925 9162
5906 9149
5890 9138
5877 9129
5860 9117
5853 9112
5828 9094
5810 9081
5799 9073
5784 9062
5765 9048
5752 9038
5734 9024
5720 9013
5696 8994
5671 8974
5650 8957
5634 8944
5623 8935
5606 8921
5583 8902
5559 8882
5534 8861
5515 8845
5493 8826
5478 8813
5455 8793
5437 8777
5418 8760
5408 8751
5387 8732
5375 8721
5359 8706
5342 8690
5323 8672
5302 8652
5280 8631
5257 8609
5233 8586
5208 8562
5184 8537
5161 8513
5140 8491
5121 8471
5103 8452
5086 8434
5070 8417
5056 8402
5043 8388
5031 8375
5008 8350
4986 8326
4969 8307
4947 8282
4926 8258
4906 8235
4893 8220
4874 8198
4862 8184
4845 8164
4830 8146
4811 8123
4797 8106
4788 8095
4771 8074
4763 8064
4744 8040
4727 8018
4711 7997
4692 7972
4684 7961
4671 7943
4653 7918
4638 7897
4621 7873
4609 7856
4602 7846
4586 7823
4577 7810
4564 7791
4547 7766
4534 7746
4523 7729
4507 7704
4493 7682
4478 7658
4470 7645
4459 7627
4445 7604
4439 7594
4426 7572
4415 7553
4401 7528
4391 7510
4380 7490
4368 7468
4355 7444
4347 7429
4338 7412
4327 7391
4322 7381
4310 7356
4299 7333
4289 7312
4280 7293
4272 7276
4266 7263
4255 7239
4251 7230
4240 7205
4233 7189
4223 7166
4214 7145
4206 7126
4196 7101
4191 7088
4182 7064
4175 7045
4171 7034
4166 7020
4159 7000
4151 6977
4143 6952
4136 6930
4130 6911
4125 6895
4121 6882
4115 6861
4108 6836
4103 6818
4100 6807
4094 6784
4091 6772
4085 6747
4080 6726
4076 6709
4071 6687
4069 6678
4066 6664
4062 6645
4057 6621
4056 6616
4052 6595
4050 6584
4047 6567
4043 6544
4040 6524
4039 6517
4036 6495
4034 6480
4032 6462
4030 6443
4029 6433
4027 6412
4025 6390
4023 6367
4022 6355
4020 6330
4019 6315
4018 6297
4017 6272
4017 6255
4042 6256
4066 6257
4089 6258
4110 6259
4130 6260
4149 6261
4164 6262
4178 6263
4191 6264
4216 6266
4240 6268
4251 6269
4272 6271
4282 6272
4291 6273
4308 6275
4333 6278
4357 6281
4372 6283
4394 6286
4415 6289
4435 6292
4460 6296
4484 6300
4507 6304
4524 6307
4535 6309
4559 6314
4573 6317
4595 6322
4608 6325
4625 6329
4650 6335
4670 6340
4695 6347
4719 6354
4729 6357
4742 6361
4758 6366
4777 6372
4799 6379
4824 6387
4833 6390
4856 6398
4876 6405
4893 6411
4907 6416
4926 6423
4942 6429
4955 6434
4978 6443
4998 6451
5020 6460
5039 6468
5062 6478
5078 6485
5087 6489
5107 6498
5129 6508
5153 6519
5168 6526
5187 6535
5208 6545
5228 6555
5253 6568
5276 6580
5297 6591
5316 6601
5333 6610
5348 6618
5361 6625
5372 6631
5392 6642
5410 6652
5435 6666
5451 6675
5470 6686
5494 6700
5511 6710
5533 6723
5558 6738
5581 6752
5599 6763
5612 6771
5633 6784
5652 6796
5677 6812
5697 6825
5722 6842
5744 6857
5763 6870
5779 6881
5792 6890
5815 6906
5825 6913
5842 6925
5867 6943
5889 6959
5904 6970
5928 6988
5953 7007
5974 7023
5987 7033
6009 7050
6023 7061
6042 7076
6063 7093
6079 7106
6096 7120
6119 7139
6132 7150
6152 7167
6174 7186
6190 7200
6215 7222
6232 7237
6252 7255
6263 7265
6286 7286
6311 7309
6324 7321
6339 7335
6355 7350
6372 7366
6390 7383
6409 7401
6431 7422
6454 7444
6478 7469
6501 7493
6522 7515
6541 7535
6559 7554
6575 7571
6590 7587
6604 7602
6616 7615
6637 7638
6646 7648
6668 7673
6688 7696
6699 7709
6714 7727
6728 7744
6746 7766
6759 7782
6776 7803
6791 7822
6809 7845
6826 7867
6839 7884
6855 7905
6874 7930
6877 7934
6894 7957
6908 7976
6916 7987
6929 8005
6947 8030
6952 8037
6969 8061
6981 8078
6995 8098
7011 8121
7022 8137
7037 8159
7045 8171
7058 8191
7069 8208
7078 8222
7094 8247
7108 8269
7121 8290
7129 8303
7140 8321
7154 8344
7157 8349
7170 8371
7181 8390
7193 8411
7202 8427
7216 8452
7221 8461
7232 8481
7238 8492
7245 8505
7254 8522
7266 8545
7279 8570
7284 8580
7296 8605
7307 8628
7314 8643
7320 8656
7331 8680
7342 8705
7352 8728
7359 8745
7369 8770
7377 8791
7383 8807
7390 8826
7399 8851
7404 8865
7410 8882
7417 8902
7425 8925
7432 8946
7440 8971
7446 8990
7452 9010
7457 9027
7464 9051
7470 9072
7475 9090
7479 9105
7485 9128
7491 9153
7495 9170
7498 9183
7503 9205
7507 9223
7512 9246
7516 9265
7521 9289
7524 9305
7526 9316
7529 9333
7533 9356
7536 9374
7540 9399
7542 9412
7545 9432
7546 9439
7548 9455
7551 9480
7553 9497
7555 9515
7557 9534
7559 9554
7561 9575
7562 9586
7564 9611
7565 9625
7566 9640
7567 9656
7568 9673
7569 9691
7570 9710
7571 9732
7572 9755
7572 9757
0 0
