0.609823911029
0.604938271605
0.627149321267
0.442424242424
0.698723591549
0.719821162444
0.473131533411
0.776422764228
0.734718610347
0.715316760225
0.859039836568
0.636367637996
0.720655686727
0.773528768322
0.272855133615
0.609663940256
0.754503243092
0.433628318584
0.799865001687
0.760512658190
0.933170334148
0.832089552239
0.727333868889
0.924857181988
0.586305479347
0.747372803518
0.324212869019
1.211574771058
0.408805031447
0.448928121059
0.687707641196
0.875934738273
0.890265901274
0.813281316521
0.451932606541
0.550561797753
0.561562556473
0.767159408307
0.686802973978
0.897374296570
0.745478907564
0.657030415674
0.679831710990
0.671428571429
0.608056003016
0.680390811512
0.796133898260
0.627569528416
0.664108373018
0.647061742666
