10 10
2434 8390
2416 8383
2402 8368
2394 8344
2389 8322
2386 8300
2403 8312
2418 8326
2427 8351
2432 8372
3087 2285
3078 2283
3063 2276
3048 2263
3028 2241
3043 2242
3067 2244
3082 2256
3087 2273
3089 2285
10 10
5497 2641
5474 2636
5461 2630
5438 2618
5434 2593
5432 2580
5455 2586
5479 2598
5488 2608
5496 2620
7233 9174
7210 9164
7191 9139
7180 9123
7168 9104
7157 9080
7179 9092
7198 9104
7217 9129
7225 9149
10 10
8631 5089
8606 5081
8595 5069
8582 5051
8571 5032
8570 5014
8594 5027
8611 5048
8622 5063
8626 5070
944 3283
923 3282
900 3276
892 3263
889 3248
887 3225
901 3227
917 3232
927 3245
943 3269
10 10
6909 8670
6897 8667
6880 8652
6876 8643
6869 8621
6866 8599
6888 8608
6905 8619
6907 8632
6908 8648
4370 2765
4350 2760
4333 2753
4314 2739
4294 2722
4280 2710
4302 2713
4317 2721
4332 2732
4357 2753
10 10
463 5417
448 5413
424 5406
410 5394
396 5379
388 5360
403 5362
412 5364
431 5379
452 5398
6568 2923
6545 2917
6521 2901
6501 2884
6496 2865
6521 2867
6536 2871
6539 2872
6558 2894
6565 2911
10 10
7020 1732
6996 1721
6981 1710
6961 1689
6948 1665
6946 1643
6971 1650
6987 1664
6998 1683
7011 1707
6643 2094
6627 2093
6613 2090
6597 2081
6581 2068
6560 2044
6573 2045
6588 2052
6608 2065
6623 2076
10 10
4403 5956
4392 5951
4382 5938
4375 5921
4369 5906
4366 5889
4380 5889
4393 5906
4401 5921
4402 5935
8019 9422
7998 9418
7975 9401
7962 9385
7953 9365
7949 9344
7967 9351
7987 9360
8012 9378
8016 9403
10 10
1128 8937
1110 8936
1094 8933
1082 8916
1069 8897
1058 8874
1079 8877
1090 8882
1104 8901
1115 8916
1539 1042
1519 1028
1515 1023
1499 1002
1481 977
1478 963
1489 966
1508 981
1526 1000
1534 1019
10 10
3656 2169
3633 2167
3616 2159
3594 2134
3581 2112
3605 2115
3610 2116
3634 2129
3651 2139
3655 2158
3126 9671
3114 9670
3101 9664
3080 9639
3071 9621
3066 9598
3077 9603
3100 9615
3120 9640
3124 9650
10 10
557 287
532 276
519 270
509 257
498 240
488 221
504 228
522 241
545 260
551 268
3401 2935
3390 2934
3373 2919
3363 2905
3358 2897
3345 2876
3342 2863
3366 2881
3385 2904
3398 2926
10 10
6636 2368
6611 2364
6588 2355
6581 2331
6578 2314
6577 2290
6597 2300
6619 2315
6629 2334
6634 2351
4686 6770
4668 6768
4658 6766
4642 6759
4628 6746
4621 6728
4620 6705
4643 6720
4660 6735
4671 6749
10 10
9321 7483
9306 7470
9288 7453
9276 7439
9260 7420
9272 7421
9280 7424
9290 7429
9315 7451
9319 7464
4267 6461
4244 6453
4233 6448
4217 6439
4193 6415
4204 6416
4218 6419
4230 6424
4241 6429
4260 6441
10 10
3053 59
3039 58
3032 53
3009 35
2984 11
2984 8
3009 12
3026 15
3039 34
3044 42
135 7621
126 7619
110 7606
96 7593
82 7573
76 7555
95 7567
114 7582
126 7595
134 7605
10 10
790 8782
776 8781
759 8772
749 8759
745 8750
739 8731
762 8733
787 8743
789 8758
790 8773
6008 3128
5986 3119
5963 3109
5955 3095
5950 3081
5949 3063
5962 3069
5984 3081
6002 3102
6006 3111
10 10
1406 5691
1385 5666
1376 5644
1369 5622
1365 5606
1364 5582
1379 5605
1389 5624
1395 5644
1402 5669
9641 9874
9621 9871
9601 9864
9582 9857
9559 9835
9554 9821
9575 9829
9595 9838
9614 9847
9638 9866
10 10
5271 4757
5265 4756
5251 4752
5227 4739
5210 4721
5195 4705
5188 4692
5211 4701
5234 4715
5250 4732
9444 5410
9421 5406
9410 5399
9385 5378
9382 5361
9380 5336
9391 5343
9410 5357
9432 5378
9440 5395
10 10
4338 400
4317 389
4293 370
4283 361
4272 347
4271 330
4284 330
4303 336
4319 357
4331 382
8548 1364
8527 1349
8507 1330
8495 1308
8489 1295
8484 1275
8498 1284
8521 1303
8535 1322
8543 1343
10 10
3392 4891
3380 4885
3371 4879
3353 4863
3337 4848
3320 4826
3334 4829
3357 4846
3362 4850
3376 4866
5277 8268
5257 8260
5235 8241
5211 8218
5207 8195
5221 8198
5239 8205
5260 8215
5271 8238
5275 8249
10 10
6376 4643
6352 4640
6332 4622
6311 4602
6297 4579
6307 4580
6332 4587
6347 4600
6359 4611
6374 4630
5159 832
5143 829
5132 823
5115 807
5102 792
5100 773
5099 759
5121 778
5140 802
5148 813
10 10
5277 5005
5260 4995
5240 4978
5223 4957
5217 4944
5239 4947
5248 4952
5257 4959
5269 4976
5276 5000
5482 609
5463 602
5454 591
5444 578
5431 560
5422 540
5439 548
5451 554
5468 565
5477 586
10 10
3783 6571
3759 6564
3739 6557
3729 6544
3721 6529
3713 6505
3734 6509
3748 6515
3763 6529
3782 6551
9057 3074
9032 3060
9010 3045
8996 3032
8989 3014
8987 3006
9006 3008
9027 3023
9041 3041
9053 3063
10 10
3675 6640
3661 6637
3636 6630
3612 6619
3595 6605
3592 6585
3591 6565
3610 6578
3627 6592
3651 6615
3468 3330
3449 3329
3439 3326
3434 3313
3431 3300
3430 3278
3443 3282
3467 3304
3474 3323
3476 3330
10 10
8186 4153
8166 4144
8148 4133
8135 4121
8123 4108
8114 4095
8136 4104
8160 4114
8180 4123
8183 4134
1396 1425
1379 1423
1369 1421
1350 1410
1341 1402
1336 1383
1333 1369
1350 1377
1365 1388
1388 1410
10 10
4259 7873
4234 7859
4221 7845
4204 7824
4197 7809
4196 7793
4214 7798
4237 7812
4249 7831
4258 7856
2299 996
2290 991
2267 971
2245 951
2236 932
2234 914
2246 915
2266 933
2290 957
2296 976
10 10
3738 9905
3715 9892
3698 9877
3693 9864
3689 9852
3687 9835
3701 9844
3714 9859
3732 9884
3735 9892
2266 1964
2250 1955
2229 1942
2209 1923
2198 1907
2197 1890
2214 1893
2239 1901
2252 1919
2259 1941
10 10
6451 8675
6433 8673
6408 8662
6396 8651
6385 8632
6383 8609
6395 8611
6418 8620
6437 8644
6450 8667
4129 5978
4106 5975
4087 5960
4079 5951
4066 5932
4065 5909
4081 5912
4100 5916
4124 5933
4127 5956
10 10
3343 4785
3331 4784
3322 4779
3303 4766
3286 4753
3279 4746
3293 4747
3306 4748
3319 4759
3339 4777
5695 1718
5675 1711
5663 1697
5652 1673
5646 1658
5645 1635
5664 1643
5677 1657
5684 1673
5691 1696
10 10
3884 9863
3862 9862
3837 9845
3825 9828
3812 9805
3809 9783
3834 9791
3850 9800
3866 9815
3878 9838
8417 7892
8393 7885
8386 7881
8367 7861
8365 7855
8362 7836
8383 7840
8394 7850
8402 7859
8413 7873
10 10
4803 4378
4781 4361
4763 4343
4752 4329
4735 4306
4726 4288
4747 4307
4768 4327
4783 4344
4799 4365
2250 8133
2234 8132
2214 8129
2197 8120
2179 8097
2172 8084
2189 8086
2207 8093
2226 8103
2242 8118
10 10
9507 1289
9489 1276
9464 1256
9440 1231
9430 1216
9428 1196
9444 1209
9459 1223
9480 1243
9499 1267
1415 6275
1390 6270
1371 6262
1352 6251
1340 6226
1338 6203
1358 6204
1380 6217
1402 6237
1407 6250
10 10
6471 1409
6448 1399
6439 1394
6422 1379
6407 1359
6393 1334
6409 1337
6426 1346
6447 1365
6470 1390
4557 2077
4533 2067
4523 2050
4514 2027
4509 2014
4502 1992
4515 1998
4538 2023
4548 2046
4553 2063
10 10
6837 1877
6815 1875
6794 1864
6777 1851
6772 1828
6769 1811
6782 1814
6801 1819
6825 1837
6834 1860
304 2616
279 2609
254 2591
240 2580
235 2573
232 2551
254 2552
272 2555
285 2575
297 2596
10 10
9183 7960
9170 7956
9152 7950
9129 7928
9118 7908
9110 7883
9132 7896
9143 7905
9162 7921
9176 7938
4194 295
4171 291
4157 278
4142 261
4129 240
4122 227
4143 229
4162 246
4183 266
4193 279
10 10
1349 5894
1334 5892
1311 5884
1288 5872
1280 5863
1268 5838
1287 5839
1300 5842
1319 5856
1336 5877
9126 3115
9101 3108
9084 3100
9065 3078
9060 3065
9057 3054
9076 3057
9092 3060
9108 3073
9117 3090
10 10
1632 7665
1617 7661
1600 7652
1584 7634
1568 7612
1552 7587
1549 7580
1572 7597
1594 7617
1614 7640
9284 416
9265 413
9242 402
9231 387
9228 379
9227 357
9250 362
9269 370
9274 376
9278 391
10 10
8167 8690
8150 8683
8141 8673
8125 8650
8118 8633
8116 8620
8127 8626
8144 8640
8155 8653
8160 8665
7636 5709
7612 5704
7595 5699
7589 5696
7581 5688
7568 5671
7567 5654
7588 5664
7605 5673
7623 5686
10 10
7989 6439
7968 6422
7953 6405
7936 6383
7922 6361
7913 6339
7938 6351
7959 6376
7973 6400
7982 6416
4816 4113
4804 4108
4785 4094
4764 4075
4747 4057
4737 4041
4762 4042
4782 4056
4807 4075
4811 4090
10 10
6448 6767
6429 6760
6410 6748
6390 6726
6380 6705
6372 6682
6386 6685
6411 6702
6434 6723
6444 6746
699 4607
685 4604
664 4599
653 4596
631 4587
626 4569
623 4555
642 4560
667 4567
689 4590
10 10
6083 1262
6064 1259
6054 1257
6036 1246
6025 1232
6017 1213
6015 1195
6038 1209
6057 1227
6076 1249
6651 7566
6626 7565
6616 7564
6597 7554
6584 7532
6578 7510
6577 7503
6600 7510
6623 7522
6639 7541
10 10
8698 8768
8685 8762
8660 8743
8637 8723
8634 8709
8631 8685
8647 8688
8670 8709
8682 8733
8691 8752
5091 686
5068 674
5052 662
5043 650
5032 625
5031 604
5044 615
5066 638
5073 647
5089 669
10 10
1919 5779
1897 5777
1886 5764
1876 5752
1872 5737
1871 5713
1875 5716
1884 5723
1906 5744
1917 5758
3175 1598
3159 1587
3148 1576
3124 1551
3116 1542
3112 1529
3132 1538
3149 1554
3163 1573
3175 1592
10 10
3992 6354
3968 6338
3950 6325
3938 6316
3921 6303
3919 6293
3916 6277
3941 6284
3964 6308
3983 6330
256 1732
239 1728
218 1723
198 1712
194 1699
191 1685
190 1670
212 1677
229 1685
250 1709
10 10
539 8927
520 8923
503 8912
491 8901
471 8876
470 8872
489 8875
510 8888
526 8899
538 8918
1528 8183
1511 8180
1497 8177
1477 8158
1456 8136
1447 8113
1453 8114
1470 8118
1494 8135
1515 8158
10 10
8421 8887
8407 8886
8395 8885
8375 8880
8367 8867
8355 8842
8378 8845
8400 8854
8412 8869
8416 8876
1948 4348
1924 4342
1903 4334
1891 4329
1871 4306
1850 4281
1872 4286
1895 4298
1915 4312
1932 4330
10 10
8686 1186
8667 1175
8644 1158
8633 1145
8625 1128
8620 1104
8634 1109
8652 1125
8671 1150
8682 1173
5981 276
5960 271
5943 264
5926 242
5923 219
5921 194
5938 196
5962 217
5974 242
5978 256
10 10
3842 9940
3817 9933
3793 9916
3788 9912
3777 9896
3776 9881
3775 9863
3800 9885
3819 9903
3837 9923
7112 2791
7091 2790
7069 2778
7051 2764
7043 2741
7043 2721
7064 2723
7089 2744
7102 2759
7105 2767
10 10
8375 7379
8352 7376
8328 7369
8315 7362
8295 7351
8288 7326
8302 7327
8327 7335
8340 7343
8361 7362
7285 5126
7261 5119
7250 5111
7235 5098
7219 5081
7208 5064
7232 5069
7255 5077
7272 5085
7279 5101
10 10
1948 9412
1923 9405
1906 9396
1892 9387
1867 9363
1859 9344
1878 9349
1895 9359
1911 9370
1934 9389
5237 4204
5221 4198
5199 4177
5183 4158
5170 4142
5160 4123
5183 4127
5208 4146
5219 4164
5228 4179
10 10
3624 5182
3611 5180
3590 5176
3569 5160
3552 5136
3543 5122
3562 5123
3585 5136
3605 5157
3622 5175
6646 1078
6628 1073
6615 1062
6603 1043
6594 1020
6587 1001
6604 1004
6621 1023
6636 1046
6641 1059
10 10
2368 6708
2349 6706
2333 6693
2316 6678
2315 6664
2314 6645
2333 6656
2348 6669
2360 6681
2363 6686
5844 7272
5828 7267
5812 7260
5796 7252
5771 7234
5765 7218
5780 7220
5796 7223
5820 7228
5841 7253
0 0
