100 100
6198 1030
6173 1028
6154 1026
6137 1024
6112 1021
6101 1019
6080 1015
6067 1012
6046 1007
6021 1001
6013 999
5994 994
5984 991
5981 990
5958 980
5938 971
5921 963
5902 953
5891 947
5877 938
5858 925
5833 907
5812 891
5791 874
5774 860
5760 848
5737 827
5723 814
5707 797
5688 776
5668 753
5655 737
5648 728
5635 711
5617 686
5603 663
5593 646
5582 626
5571 603
5561 582
5553 561
5548 547
5547 544
5542 525
5539 512
5534 489
5530 470
5527 450
5525 429
5523 404
5522 381
5547 383
5558 384
5580 387
5597 391
5620 397
5638 402
5662 409
5685 416
5710 424
5724 429
5741 436
5750 440
5763 446
5786 457
5807 468
5824 478
5832 483
5846 492
5863 503
5883 516
5902 529
5925 546
5949 565
5970 582
5995 603
6017 623
6030 635
6047 651
6057 661
6078 684
6091 699
6109 723
6126 746
6139 764
6148 784
6152 794
6157 807
6164 827
6169 843
6173 856
6178 874
6183 897
6184 902
6188 925
6192 950
6194 965
6196 982
6197 999
6198 1017
4938 9407
4916 9406
4896 9405
4881 9404
4872 9403
4856 9401
4833 9398
4818 9396
4805 9394
4794 9392
4775 9388
4750 9382
4735 9378
4713 9369
4701 9364
4677 9353
4670 9349
4649 9336
4630 9324
4613 9313
4590 9298
4572 9285
4550 9269
4531 9255
4512 9240
4500 9230
4476 9209
4457 9192
4441 9177
4422 9154
4408 9137
4390 9114
4382 9101
4371 9083
4362 9068
4349 9046
4335 9022
4325 9001
4316 8978
4311 8965
4303 8942
4296 8919
4292 8900
4288 8877
4287 8871
4285 8858
4282 8837
4280 8822
4279 8814
4278 8803
4277 8788
4276 8766
4297 8766
4317 8767
4332 8768
4349 8770
4371 8773
4396 8777
4415 8781
4424 8783
4446 8788
4463 8793
4486 8801
4510 8811
4526 8818
4539 8824
4552 8831
4577 8845
4591 8854
4608 8867
4630 8884
4649 8900
4656 8906
4679 8926
4695 8941
4714 8959
4734 8980
4749 8997
4765 9016
4778 9032
4795 9053
4807 9068
4824 9090
4834 9103
4842 9116
4855 9138
4862 9150
4875 9175
4887 9200
4892 9211
4899 9228
4906 9246
4911 9259
4917 9276
4918 9279
4925 9301
4928 9317
4932 9342
4935 9362
4937 9386
100 100
1965 6962
1941 6961
1920 6960
1896 6958
1875 6956
1868 6955
1862 6954
1838 6947
1826 6942
1807 6934
1794 6928
1771 6917
1746 6905
1723 6892
1703 6879
1682 6865
1665 6853
1641 6836
1633 6830
1614 6815
1590 6796
1570 6780
1550 6763
1527 6743
1505 6723
1486 6705
1465 6685
1447 6666
1424 6641
1414 6630
1395 6608
1377 6587
1366 6574
1355 6560
1338 6538
1326 6522
1313 6503
1304 6489
1295 6473
1287 6458
1277 6439
1268 6421
1258 6400
1254 6391
1245 6368
1238 6349
1231 6327
1224 6303
1220 6286
1215 6262
1238 6263
1257 6264
1281 6266
1290 6267
1313 6271
1326 6274
1343 6278
1366 6286
1381 6292
1397 6299
1412 6306
1429 6314
1454 6326
1475 6337
1492 6346
1509 6356
1529 6369
1554 6387
1577 6404
1594 6417
1616 6434
1625 6441
1630 6445
1653 6464
1667 6477
1690 6501
1707 6519
1722 6535
1735 6549
1758 6574
1780 6598
1802 6623
1818 6642
1837 6665
1846 6676
1863 6697
1874 6711
1891 6734
1903 6753
1908 6761
1921 6782
1931 6799
1939 6814
1944 6827
1952 6849
1957 6870
1960 6890
1962 6904
1963 6921
1964 6939
1565 1204
1544 1203
1525 1202
1504 1200
1494 1199
1477 1197
1455 1192
1438 1188
1417 1181
1398 1174
1385 1169
1363 1160
1344 1152
1319 1140
1313 1137
1290 1125
1275 1117
1253 1105
1228 1088
1206 1073
1186 1059
1162 1042
1151 1034
1142 1027
1125 1013
1112 1002
1089 982
1070 964
1050 945
1032 926
1015 908
994 885
979 868
965 851
959 843
945 824
934 809
916 784
904 766
889 742
879 725
871 704
865 687
860 668
855 646
852 631
849 608
847 587
846 570
871 571
895 572
913 573
929 575
952 578
965 580
990 584
1013 588
1029 591
1043 594
1066 599
1083 603
1104 608
1124 615
1138 620
1163 630
1187 640
1205 649
1230 663
1246 674
1264 687
1286 703
1290 706
1313 724
1338 745
1351 756
1359 763
1377 779
1387 788
1412 811
1435 833
1456 855
1468 869
1485 889
1502 914
1509 927
1518 950
1526 975
1533 997
1537 1010
1540 1021
1545 1040
1548 1054
1552 1076
1554 1088
1558 1113
1560 1130
1562 1152
1563 1165
1564 1183
1565 1202
100 100
6271 8040
6255 8039
6234 8037
6224 8036
6207 8034
6184 8030
6164 8026
6151 8023
6138 8019
6124 8014
6101 8005
6079 7996
6062 7988
6037 7976
6020 7967
5997 7953
5981 7943
5958 7926
5934 7907
5917 7892
5899 7873
5883 7856
5867 7838
5852 7821
5833 7798
5820 7782
5805 7763
5791 7745
5781 7732
5764 7709
5748 7687
5730 7662
5720 7648
5704 7625
5696 7612
5682 7588
5670 7567
5664 7556
5657 7543
5645 7520
5636 7500
5628 7482
5621 7466
5611 7443
5605 7424
5599 7401
5597 7389
5594 7366
5592 7349
5590 7330
5589 7308
5614 7308
5636 7309
5657 7310
5682 7312
5703 7314
5717 7316
5736 7319
5755 7323
5772 7329
5797 7340
5821 7351
5846 7363
5869 7375
5882 7382
5900 7392
5917 7402
5940 7421
5964 7441
5974 7450
5988 7465
6000 7478
6023 7503
6040 7522
6062 7547
6079 7568
6092 7586
6107 7609
6116 7623
6128 7642
6137 7658
6149 7681
6162 7706
6173 7730
6178 7741
6189 7766
6196 7782
6204 7801
6208 7811
6217 7834
6225 7855
6227 7861
6234 7884
6240 7904
6247 7928
6253 7949
6258 7967
6262 7984
6264 7993
6268 8016
1506 7704
1491 7703
1477 7702
1465 7701
1440 7698
1418 7695
1405 7693
1396 7691
1371 7685
1350 7679
1335 7674
1315 7667
1294 7659
1276 7652
1259 7645
1252 7642
1227 7629
1222 7626
1199 7611
1196 7609
1182 7599
1160 7583
1145 7572
1126 7558
1104 7540
1086 7525
1066 7508
1050 7493
1028 7470
1010 7450
997 7435
978 7412
964 7395
945 7371
928 7349
915 7331
903 7314
894 7300
884 7283
871 7260
858 7235
851 7220
842 7198
840 7193
833 7175
830 7165
825 7147
821 7132
817 7114
814 7096
811 7076
809 7061
808 7038
808 7037
831 7039
853 7041
866 7043
881 7047
906 7054
923 7059
946 7067
971 7076
992 7085
1017 7096
1034 7104
1056 7116
1072 7125
1096 7140
1107 7147
1127 7160
1150 7175
1162 7184
1187 7203
1207 7220
1230 7240
1250 7258
1262 7269
1281 7287
1304 7309
1321 7327
1334 7341
1350 7359
1371 7383
1390 7405
1401 7419
1415 7438
1430 7460
1435 7469
1447 7492
1458 7515
1464 7528
1473 7553
1479 7570
1487 7595
1491 7609
1497 7632
1502 7654
1504 7673
1505 7684
1506 7696
100 100
5428 8946
5411 8945
5397 8943
5381 8940
5363 8936
5350 8933
5334 8928
5312 8921
5293 8914
5268 8903
5251 8895
5232 8886
5209 8875
5196 8868
5178 8858
5171 8854
5158 8846
5139 8834
5117 8819
5096 8803
5085 8794
5065 8776
5047 8759
5028 8741
5005 8719
4986 8699
4966 8677
4944 8652
4930 8636
4916 8619
4907 8607
4893 8588
4878 8565
4870 8552
4859 8532
4853 8521
4842 8497
4835 8481
4825 8458
4815 8434
4813 8428
4807 8409
4801 8387
4796 8368
4793 8354
4791 8343
4788 8326
4784 8302
4781 8279
4779 8260
4778 8244
4777 8219
4799 8220
4816 8222
4836 8225
4847 8227
4871 8232
4894 8238
4916 8245
4941 8254
4963 8263
4976 8269
4999 8280
5010 8286
5033 8300
5058 8316
5072 8325
5097 8343
5119 8359
5136 8373
5153 8388
5175 8408
5197 8431
5218 8453
5238 8474
5251 8488
5270 8511
5280 8524
5297 8547
5308 8562
5324 8585
5333 8599
5340 8614
5351 8638
5362 8663
5369 8679
5377 8698
5386 8720
5394 8743
5400 8762
5404 8775
5408 8789
5411 8805
5415 8827
5419 8852
5422 8871
5423 8879
5425 8904
5426 8917
5427 8931
6192 5843
6176 5842
6151 5839
6128 5835
6108 5831
6084 5824
6061 5815
6044 5808
6025 5800
6012 5794
5987 5781
5964 5768
5945 5757
5922 5743
5901 5730
5876 5714
5857 5700
5839 5686
5814 5665
5795 5649
5780 5636
5766 5623
5746 5604
5721 5580
5708 5567
5687 5545
5667 5520
5650 5498
5631 5473
5628 5469
5620 5458
5602 5433
5585 5409
5576 5395
5569 5384
5561 5365
5551 5341
5544 5323
5539 5310
5530 5285
5523 5263
5519 5242
5515 5219
5513 5206
5510 5185
5507 5162
5505 5145
5504 5134
5502 5110
5501 5087
5507 5087
5530 5088
5553 5090
5564 5091
5586 5094
5600 5097
5617 5101
5631 5105
5645 5110
5663 5118
5680 5126
5705 5139
5722 5148
5742 5159
5760 5170
5779 5183
5802 5199
5827 5217
5844 5231
5867 5250
5886 5267
5896 5276
5919 5297
5939 5317
5958 5337
5981 5362
6003 5387
6020 5407
6031 5420
6047 5439
6061 5457
6071 5470
6089 5495
6106 5519
6121 5542
6134 5562
6145 5585
6156 5610
6162 5624
6169 5642
6176 5664
6183 5689
6189 5713
6194 5737
6197 5752
6200 5777
6202 5794
6203 5807
6204 5821
6205 5843
100 100
4056 9051
4035 9050
4019 9049
4007 9048
3985 9045
3966 9042
3941 9036
3922 9031
3898 9024
3875 9017
3853 9010
3833 9003
3820 8998
3802 8991
3788 8985
3772 8976
3754 8965
3741 8957
3717 8942
3706 8935
3681 8917
3666 8906
3648 8892
3624 8873
3607 8859
3582 8837
3567 8823
3558 8814
3537 8792
3521 8775
3506 8758
3486 8735
3470 8716
3453 8695
3437 8674
3429 8663
3415 8643
3401 8622
3388 8601
3373 8576
3365 8554
3359 8533
3354 8510
3350 8489
3347 8464
3345 8447
3344 8433
3343 8416
3342 8397
3341 8372
3355 8373
3376 8376
3395 8379
3401 8380
3417 8383
3438 8387
3458 8391
3477 8396
3492 8400
3511 8406
3532 8414
3550 8421
3572 8430
3588 8437
3613 8450
3632 8460
3650 8470
3663 8479
3686 8495
3696 8502
3715 8516
3737 8533
3755 8547
3779 8567
3794 8580
3805 8590
3819 8603
3843 8626
3864 8648
3884 8669
3906 8694
3917 8708
3933 8730
3945 8747
3962 8772
3969 8783
3981 8802
3995 8825
4004 8842
4008 8851
4015 8867
4018 8874
4026 8893
4034 8918
4039 8940
4043 8959
4048 8983
4052 9003
4053 9009
4055 9031
9934 7488
9910 7487
9885 7485
9873 7484
9850 7482
9833 7480
9808 7477
9790 7474
9773 7470
9756 7465
9736 7458
9714 7450
9695 7443
9687 7440
9677 7436
9652 7422
9628 7408
9606 7395
9592 7386
9569 7369
9548 7353
9531 7340
9518 7329
9505 7317
9489 7302
9467 7281
9443 7256
9420 7232
9404 7215
9392 7202
9374 7182
9357 7163
9342 7146
9329 7131
9323 7124
9304 7100
9295 7087
9286 7073
9278 7060
9267 7042
9253 7019
9241 6998
9230 6974
9221 6952
9214 6930
9209 6911
9205 6886
9202 6863
9201 6852
9200 6835
9199 6813
9219 6814
9235 6815
9258 6817
9276 6819
9298 6822
9322 6827
9339 6831
9357 6836
9382 6843
9403 6849
9427 6856
9435 6859
9453 6866
9458 6868
9478 6879
9501 6892
9522 6905
9542 6918
9552 6925
9564 6934
9585 6952
9602 6967
9617 6981
9635 6998
9658 7020
9681 7044
9699 7063
9712 7077
9735 7102
9746 7114
9765 7135
9787 7160
9800 7175
9812 7189
9833 7214
9851 7236
9863 7253
9875 7271
9884 7290
9892 7307
9898 7320
9905 7339
9913 7361
9919 7380
9924 7398
9927 7411
9930 7436
9932 7461
9933 7474
0 0
