125 125
3024 1196
3001 1195
2988 1194
2976 1193
2966 1192
2949 1190
2928 1186
2914 1183
2904 1180
2887 1174
2876 1170
2853 1160
2837 1153
2817 1144
2804 1138
2789 1131
2774 1123
2763 1117
2738 1103
2715 1090
2703 1083
2678 1068
2655 1054
2637 1043
2614 1028
2597 1015
2584 1005
2563 988
2546 973
2537 965
2517 947
2502 933
2481 912
2458 888
2435 863
2424 851
2405 830
2388 810
2370 787
2354 766
2339 746
2334 739
2318 716
2304 695
2294 679
2283 661
2270 638
2264 627
2254 606
2243 581
2233 558
2226 541
2217 518
2211 499
2205 474
2202 461
2199 444
2197 429
2194 406
2193 397
2191 374
2190 357
2189 338
2188 314
2208 315
2222 316
2245 318
2264 321
2280 324
2303 330
2328 337
2352 344
2362 347
2384 356
2408 367
2431 379
2453 391
2469 400
2483 408
2502 419
2527 435
2547 448
2560 457
2583 473
2593 480
2617 497
2638 512
2657 527
2674 541
2698 562
2723 584
2732 592
2755 613
2771 628
2791 647
2806 663
2826 686
2843 707
2862 732
2875 751
2892 776
2900 788
2912 808
2926 832
2934 847
2939 857
2945 870
2955 893
2957 898
2965 919
2968 927
2976 949
2985 974
2992 997
2997 1014
3002 1033
3004 1041
3009 1063
3012 1079
3014 1090
3017 1112
3018 1121
3020 1142
3022 1165
3023 1177
7803 3684
7779 3683
7758 3682
7741 3681
7722 3679
7714 3678
7694 3675
7671 3671
7652 3667
7627 3661
7612 3657
7589 3650
7566 3642
7552 3637
7527 3626
7509 3618
7488 3607
7471 3597
7449 3584
7441 3579
7419 3564
7403 3553
7384 3539
7363 3523
7338 3503
7323 3490
7300 3470
7291 3462
7269 3442
7245 3420
7230 3406
7210 3387
7189 3367
7165 3344
7161 3340
7145 3323
7132 3309
7120 3296
7100 3273
7084 3254
7066 3232
7051 3213
7035 3192
7018 3169
7003 3147
6993 3131
6982 3109
6970 3084
6959 3059
6952 3043
6943 3021
6933 2996
6925 2974
6917 2951
6910 2929
6904 2906
6901 2886
6899 2868
6897 2847
6895 2825
6894 2813
6893 2798
6914 2799
6936 2801
6945 2802
6958 2804
6980 2809
6999 2814
7014 2818
7036 2824
7059 2832
7079 2840
7098 2848
7107 2852
7124 2860
7147 2871
7160 2878
7185 2892
7201 2901
7225 2915
7245 2927
7270 2943
7293 2958
7302 2964
7315 2973
7322 2978
7347 2996
7358 3004
7363 3008
7384 3025
7407 3044
7425 3059
7449 3082
7472 3106
7493 3128
7512 3148
7525 3162
7544 3184
7560 3204
7577 3226
7593 3247
7612 3272
7615 3276
7632 3299
7646 3318
7654 3329
7670 3352
7686 3376
7699 3396
7706 3407
7719 3428
7726 3440
7737 3459
7750 3482
7761 3503
7771 3526
7779 3545
7784 3561
7789 3579
7794 3600
7797 3613
7800 3630
7801 3640
7802 3658
7803 3680
125 125
2009 9408
1986 9406
1965 9404
1940 9401
1920 9398
1903 9395
1882 9391
1859 9386
1837 9381
1820 9377
1799 9372
1789 9369
1766 9362
1741 9353
1718 9344
1700 9336
1676 9323
1669 9319
1651 9308
1638 9300
1618 9286
1601 9274
1582 9260
1565 9247
1552 9237
1530 9220
1512 9206
1499 9195
1480 9178
1458 9158
1442 9143
1421 9121
1407 9106
1386 9083
1366 9061
1349 9040
1339 9027
1321 9002
1310 8986
1297 8967
1284 8947
1268 8922
1254 8897
1246 8882
1234 8859
1222 8834
1213 8814
1206 8798
1203 8791
1196 8772
1192 8761
1188 8748
1182 8727
1177 8708
1171 8685
1167 8663
1165 8650
1162 8628
1159 8603
1157 8586
1156 8564
1177 8565
1196 8566
1214 8567
1229 8568
1248 8570
1270 8573
1286 8576
1310 8581
1329 8585
1343 8588
1368 8594
1382 8598
1392 8601
1405 8605
1430 8614
1453 8623
1476 8635
1499 8648
1523 8662
1541 8673
1552 8680
1569 8691
1588 8704
1602 8714
1625 8732
1630 8736
1646 8749
1663 8763
1669 8768
1691 8787
1712 8806
1727 8820
1743 8835
1765 8856
1786 8878
1804 8897
1814 8908
1830 8929
1849 8954
1863 8973
1874 8988
1885 9004
1900 9027
1907 9038
1912 9047
1923 9067
1930 9080
1940 9101
1949 9120
1955 9133
1962 9149
1971 9174
1976 9188
1980 9201
1987 9226
1993 9250
1998 9272
2000 9289
2002 9307
2004 9326
2006 9346
2007 9358
2008 9372
2009 9390
4505 8619
4483 8618
4463 8617
4444 8616
4426 8615
4409 8614
4391 8612
4366 8609
4353 8607
4328 8603
4305 8599
4288 8596
4267 8592
4258 8590
4238 8585
4228 8582
4209 8576
4188 8569
4175 8564
4150 8554
4130 8545
4109 8534
4092 8525
4083 8520
4072 8513
4053 8499
4045 8493
4022 8475
4000 8456
3976 8435
3951 8413
3931 8395
3906 8372
3892 8359
3874 8342
3851 8320
3836 8304
3813 8279
3793 8256
3772 8231
3755 8209
3745 8196
3732 8179
3716 8158
3703 8140
3686 8115
3673 8094
3666 8079
3657 8059
3651 8044
3646 8031
3637 8007
3629 7984
3624 7967
3618 7946
3611 7921
3607 7906
3602 7887
3596 7862
3591 7838
3588 7819
3585 7799
3583 7782
3582 7772
3581 7749
3605 7750
3625 7751
3650 7753
3670 7755
3693 7758
3707 7762
3730 7769
3743 7773
3764 7780
3784 7787
3809 7796
3826 7803
3844 7811
3868 7822
3887 7831
3910 7843
3931 7854
3951 7865
3968 7875
3984 7885
4003 7897
4028 7914
4045 7926
4070 7944
4089 7958
4114 7977
4131 7990
4145 8001
4164 8016
4184 8033
4208 8055
4225 8071
4248 8095
4267 8115
4285 8134
4298 8148
4307 8158
4321 8174
4340 8198
4359 8223
4366 8233
4377 8250
4393 8275
4400 8287
4411 8307
4424 8331
4436 8354
4446 8375
4453 8390
4462 8410
4469 8428
4473 8439
4478 8453
4483 8470
4490 8494
4495 8517
4499 8542
4502 8566
4503 8581
4504 8598
125 125
5066 5315
5042 5314
5019 5313
5010 5312
4987 5309
4973 5307
4953 5304
4928 5300
4905 5296
4896 5294
4871 5287
4858 5283
4837 5275
4812 5264
4791 5253
4767 5239
4753 5230
4736 5219
4711 5202
4689 5187
4676 5178
4652 5161
4627 5143
4602 5124
4591 5115
4572 5099
4565 5093
4540 5071
4520 5053
4495 5029
4474 5007
4460 4992
4443 4973
4426 4952
4414 4937
4395 4913
4385 4900
4368 4875
4353 4852
4344 4838
4336 4825
4323 4801
4316 4788
4313 4782
4305 4765
4296 4744
4287 4722
4280 4704
4272 4683
4264 4661
4255 4636
4248 4613
4243 4596
4236 4571
4231 4553
4225 4530
4221 4511
4219 4500
4216 4481
4214 4467
4211 4445
4210 4436
4209 4424
4208 4400
4225 4401
4240 4402
4251 4404
4275 4409
4294 4414
4314 4420
4327 4424
4341 4429
4365 4438
4386 4446
4399 4451
4422 4461
4431 4465
4455 4476
4470 4483
4481 4489
4503 4502
4514 4510
4533 4524
4558 4543
4580 4560
4591 4569
4608 4583
4629 4602
4648 4620
4670 4641
4693 4663
4717 4686
4737 4707
4755 4726
4768 4740
4787 4761
4804 4780
4819 4797
4838 4819
4849 4832
4862 4848
4877 4867
4894 4890
4907 4908
4921 4928
4930 4941
4943 4960
4953 4975
4965 4995
4978 5020
4990 5045
4997 5060
5006 5080
5015 5101
5022 5118
5028 5133
5034 5149
5039 5163
5043 5178
5049 5203
5054 5226
5059 5250
5062 5269
5064 5288
5065 5299
2431 8425
2408 8424
2385 8422
2366 8420
2357 8419
2342 8417
2322 8414
2309 8412
2286 8408
2281 8407
2264 8403
2243 8398
2228 8394
2218 8391
2202 8386
2179 8378
2163 8371
2138 8360
2116 8350
2091 8338
2078 8331
2062 8322
2044 8311
2031 8303
2006 8286
1990 8275
1967 8259
1950 8247
1932 8234
1910 8217
1901 8210
1882 8195
1876 8190
1859 8175
1849 8166
1826 8142
1807 8122
1793 8107
1770 8082
1753 8063
1737 8045
1720 8025
1705 8007
1691 7990
1676 7971
1665 7957
1648 7935
1634 7911
1623 7891
1610 7867
1603 7854
1590 7829
1581 7810
1576 7799
1573 7791
1564 7766
1561 7753
1559 7731
1557 7706
1556 7693
1555 7677
1554 7660
1553 7640
1557 7640
1578 7641
1594 7642
1616 7644
1635 7646
1643 7647
1665 7650
1683 7653
1706 7657
1727 7661
1745 7665
1758 7668
1781 7674
1798 7679
1823 7687
1845 7695
1853 7698
1874 7706
1894 7715
1905 7720
1918 7726
1920 7727
1941 7738
1960 7748
1977 7757
1992 7765
2000 7770
2019 7782
2037 7795
2052 7806
2071 7822
2093 7841
2108 7854
2117 7862
2131 7875
2152 7897
2171 7917
2187 7934
2202 7950
2217 7967
2237 7991
2257 8016
2268 8030
2285 8053
2296 8068
2309 8087
2324 8110
2335 8127
2346 8145
2359 8168
2368 8184
2374 8195
2385 8216
2396 8241
2405 8264
2408 8272
2416 8295
2420 8313
2423 8336
2426 8360
2428 8378
2430 8401
125 125
3337 6732
3321 6731
3296 6729
3279 6727
3255 6724
3240 6722
3217 6718
3195 6714
3172 6709
3153 6704
3136 6699
3113 6691
3093 6684
3085 6681
3072 6676
3054 6669
3032 6660
3008 6649
2994 6642
2987 6638
2970 6628
2947 6613
2924 6597
2901 6580
2876 6561
2867 6554
2845 6536
2823 6517
2798 6495
2780 6479
2767 6467
2746 6447
2721 6423
2699 6400
2686 6386
2667 6364
2651 6344
2634 6322
2631 6318
2617 6299
2606 6284
2598 6273
2585 6255
2575 6241
2567 6229
2555 6210
2547 6197
2540 6184
2532 6168
2525 6153
2514 6128
2506 6109
2500 6094
2495 6081
2490 6065
2486 6052
2483 6041
2478 6020
2476 6011
2472 5992
2468 5971
2467 5965
2465 5950
2462 5927
2460 5910
2458 5889
2481 5890
2497 5891
2520 5893
2539 5895
2548 5896
2563 5898
2587 5902
2610 5906
2633 5912
2651 5917
2676 5925
2684 5928
2697 5933
2718 5944
2737 5954
2762 5970
2782 5983
2798 5994
2821 6010
2840 6024
2863 6041
2875 6050
2896 6066
2919 6084
2933 6095
2957 6114
2974 6128
2999 6149
3018 6166
3041 6187
3057 6202
3073 6219
3090 6238
3105 6255
3127 6280
3134 6288
3153 6310
3171 6331
3187 6350
3206 6374
3223 6396
3234 6412
3243 6428
3255 6450
3266 6471
3279 6496
3288 6514
3296 6531
3303 6551
3308 6568
3315 6592
3321 6613
3325 6628
3330 6649
3333 6662
3334 6668
3335 6681
3336 6695
3337 6718
8013 4674
7988 4673
7968 4672
7943 4670
7924 4668
7908 4665
7889 4661
7875 4658
7862 4655
7841 4650
7816 4644
7794 4638
7774 4631
7755 4624
7736 4616
7725 4611
7710 4603
7692 4593
7676 4584
7652 4570
7630 4557
7617 4549
7600 4538
7584 4527
7562 4510
7539 4492
7516 4472
7505 4462
7482 4440
7458 4417
7435 4393
7415 4372
7404 4360
7394 4349
7375 4328
7359 4309
7345 4292
7336 4281
7326 4268
7308 4243
7292 4220
7275 4195
7264 4176
7253 4156
7240 4132
7231 4115
7218 4090
7211 4076
7204 4061
7196 4038
7188 4013
7181 3990
7177 3976
7172 3957
7167 3936
7162 3914
7159 3898
7155 3873
7152 3854
7150 3837
7149 3828
7147 3803
7146 3786
7161 3787
7185 3789
7194 3790
7207 3793
7231 3800
7253 3807
7270 3813
7295 3822
7308 3827
7329 3837
7345 3845
7364 3855
7377 3862
7401 3875
7417 3884
7434 3894
7447 3902
7472 3918
7495 3933
7519 3949
7541 3964
7557 3975
7582 3993
7597 4004
7618 4020
7631 4030
7654 4048
7675 4065
7686 4075
7699 4087
7717 4104
7740 4126
7764 4149
7780 4166
7797 4185
7813 4204
7817 4209
7827 4222
7830 4226
7847 4249
7855 4260
7868 4280
7884 4305
7894 4321
7906 4341
7920 4365
7928 4379
7937 4395
7947 4419
7954 4437
7961 4456
7965 4467
7972 4487
7980 4510
7988 4535
7994 4554
7996 4561
8001 4583
8005 4606
8008 4628
8011 4651
8012 4660
0 0
