30 30
272 718
247 709
234 704
216 697
193 688
170 676
157 668
132 648
125 640
112 622
101 605
93 592
86 577
79 559
72 537
97 539
117 542
130 547
139 551
149 556
170 569
194 590
215 610
231 628
238 636
257 660
263 677
267 690
271 706
272 716
8969 6627
8948 6626
8924 6617
8901 6608
8877 6595
8870 6591
8851 6580
8831 6568
8810 6555
8790 6538
8775 6524
8752 6499
8742 6485
8732 6466
8727 6448
8752 6454
8776 6461
8795 6468
8814 6476
8831 6485
8842 6491
8861 6502
8876 6511
8892 6522
8909 6537
8920 6548
8935 6564
8945 6576
8956 6591
8967 6608
30 30
2191 560
2171 558
2148 555
2129 542
2116 533
2095 518
2074 496
2066 487
2055 471
2041 448
2028 425
2022 414
2015 394
2009 372
2004 350
2020 352
2034 357
2041 360
2056 368
2068 375
2079 383
2099 399
2123 424
2145 447
2153 456
2170 481
2177 499
2178 502
2185 527
2190 550
8137 8166
8117 8165
8095 8162
8070 8155
8048 8146
8025 8135
8009 8116
7994 8098
7981 8077
7968 8054
7961 8041
7952 8021
7948 8011
7943 7995
7940 7970
7939 7956
7964 7962
7987 7970
8000 7975
8020 7984
8027 7989
8049 8010
8069 8031
8086 8052
8095 8065
8106 8084
8111 8093
8120 8110
8131 8131
8134 8145
30 30
1362 9018
1350 9015
1334 9008
1309 8995
1297 8986
1272 8967
1253 8952
1239 8939
1225 8920
1212 8901
1206 8891
1201 8882
1194 8863
1189 8847
1185 8830
1181 8805
1202 8810
1219 8815
1230 8819
1238 8822
1248 8826
1271 8846
1281 8855
1293 8868
1308 8885
1326 8910
1335 8927
1348 8952
1356 8977
1360 9000
6196 3742
6179 3740
6159 3733
6136 3720
6113 3706
6094 3694
6070 3677
6053 3661
6031 3640
6014 3621
6007 3612
5992 3588
5987 3570
5986 3557
5985 3535
6006 3536
6021 3537
6034 3538
6057 3540
6078 3542
6101 3557
6116 3570
6131 3584
6151 3605
6170 3629
6181 3649
6188 3664
6191 3681
6193 3702
6195 3725
30 30
5073 7592
5059 7591
5044 7589
5031 7584
5012 7569
4990 7550
4976 7537
4953 7512
4944 7502
4924 7477
4910 7455
4905 7443
4904 7436
4904 7425
4927 7426
4946 7428
4959 7430
4983 7435
5000 7441
5011 7445
5028 7453
5040 7460
5050 7473
5056 7481
5064 7494
5074 7511
5087 7536
5094 7552
5095 7573
5095 7592
7812 3699
7796 3694
7783 3688
7764 3677
7741 3663
7724 3651
7709 3639
7688 3620
7675 3608
7652 3586
7628 3561
7606 3536
7590 3517
7576 3499
7571 3481
7568 3468
7593 3476
7616 3484
7640 3497
7660 3508
7665 3511
7680 3524
7697 3539
7721 3561
7737 3578
7750 3593
7771 3618
7785 3637
7799 3661
7807 3682
30 30
938 3859
921 3852
897 3842
884 3836
860 3823
850 3817
828 3802
812 3787
788 3764
775 3750
766 3727
758 3705
753 3685
752 3662
773 3666
792 3670
806 3673
823 3679
837 3688
854 3701
869 3714
886 3737
896 3751
907 3767
914 3778
919 3786
926 3798
933 3814
935 3826
937 3845
9026 9091
9009 9088
8987 9084
8963 9077
8948 9071
8924 9061
8905 9052
8880 9033
8861 9016
8846 9000
8830 8978
8819 8958
8810 8939
8806 8922
8803 8908
8802 8895
8826 8897
8845 8902
8865 8909
8878 8914
8901 8923
8924 8935
8935 8941
8960 8955
8977 8969
8990 8985
8997 8998
9004 9017
9012 9042
9019 9066
30 30
816 4098
797 4092
772 4079
749 4066
724 4050
702 4033
686 4020
665 4000
641 3977
622 3953
604 3929
592 3912
577 3890
574 3865
573 3846
592 3848
599 3851
616 3860
634 3871
659 3892
681 3911
700 3928
719 3948
741 3973
748 3981
762 3999
773 4014
787 4036
796 4052
807 4075
8477 2026
8455 2025
8443 2024
8424 2021
8415 2019
8402 2016
8389 2010
8380 2003
8355 1981
8332 1960
8320 1949
8306 1936
8304 1934
8283 1912
8266 1894
8254 1874
8249 1853
8273 1858
8290 1862
8313 1869
8326 1873
8337 1877
8349 1884
8370 1897
8388 1909
8411 1925
8427 1937
8444 1957
8457 1980
8470 2004
30 30
4370 9750
4349 9748
4331 9744
4308 9730
4295 9722
4279 9710
4273 9705
4257 9684
4239 9659
4230 9646
4222 9623
4216 9604
4213 9588
4212 9568
4211 9544
4211 9537
4230 9539
4253 9548
4272 9559
4295 9574
4309 9589
4318 9599
4331 9616
4338 9626
4351 9646
4361 9664
4369 9685
4375 9706
4378 9731
4380 9750
1483 8908
1458 8907
1435 8906
1414 8902
1397 8898
1376 8882
1365 8869
1346 8845
1335 8831
1322 8813
1313 8800
1308 8792
1295 8768
1288 8748
1286 8740
1282 8719
1279 8698
1296 8699
1315 8702
1334 8709
1345 8716
1368 8733
1384 8745
1409 8768
1432 8793
1450 8816
1457 8826
1467 8849
1476 8874
1481 8890
30 30
8046 2864
8023 2859
8003 2848
7978 2834
7953 2818
7937 2807
7918 2792
7912 2787
7888 2762
7877 2750
7866 2733
7859 2720
7848 2696
7840 2674
7833 2651
7853 2652
7869 2653
7890 2656
7900 2659
7924 2677
7947 2695
7966 2711
7975 2719
7982 2727
7994 2744
8007 2765
8020 2787
8031 2808
8039 2833
8043 2847
4855 7418
4846 7417
4827 7411
4808 7404
4791 7394
4775 7383
4754 7366
4730 7344
4709 7324
4686 7302
4673 7288
4657 7269
4646 7245
4637 7225
4637 7202
4655 7203
4669 7204
4682 7210
4695 7217
4715 7228
4728 7236
4749 7255
4768 7273
4784 7290
4803 7311
4812 7321
4824 7338
4836 7357
4845 7377
4852 7402
30 30
4674 1032
4657 1030
4649 1029
4634 1022
4617 1011
4600 999
4584 986
4568 972
4550 956
4548 953
4537 936
4530 925
4521 903
4518 894
4510 869
4503 847
4500 831
4516 832
4539 835
4549 838
4574 846
4587 857
4610 877
4624 890
4640 907
4648 922
4655 940
4662 965
4668 990
4673 1012
9833 2469
9810 2468
9791 2465
9775 2462
9750 2449
9743 2445
9722 2432
9706 2421
9684 2402
9669 2388
9651 2368
9632 2344
9625 2332
9616 2307
9608 2282
9606 2257
9629 2263
9653 2274
9672 2284
9696 2297
9718 2310
9726 2315
9738 2325
9763 2347
9782 2364
9803 2387
9814 2403
9829 2426
9840 2445
9849 2469
30 30
3404 6243
3386 6241
3362 6232
3347 6224
3323 6209
3306 6198
3283 6181
3274 6174
3260 6161
3239 6138
3226 6113
3215 6089
3208 6073
3200 6052
3196 6038
3193 6015
3212 6016
3233 6024
3252 6033
3277 6050
3297 6064
3321 6085
3338 6100
3347 6108
3371 6133
3386 6152
3391 6165
3396 6181
3399 6199
3402 6221
9940 4677
9919 4675
9911 4674
9887 4669
9862 4663
9847 4659
9833 4654
9816 4640
9792 4619
9775 4599
9762 4580
9749 4557
9735 4532
9724 4510
9717 4490
9715 4476
9733 4477
9746 4479
9771 4488
9789 4496
9813 4509
9833 4520
9852 4536
9872 4553
9883 4563
9907 4588
9918 4604
9923 4613
9933 4632
9939 4656
30 30
8571 5413
8550 5408
8542 5406
8523 5401
8503 5395
8486 5385
8469 5374
8449 5361
8436 5349
8421 5327
8410 5303
8405 5292
8395 5269
8387 5246
8386 5239
8386 5231
8410 5236
8431 5244
8446 5252
8466 5263
8475 5268
8493 5281
8515 5297
8534 5314
8554 5333
8568 5351
8581 5368
8586 5391
8590 5410
8590 5413
4413 5504
4395 5503
4370 5497
4351 5491
4334 5482
4311 5466
4289 5447
4273 5432
4251 5409
4234 5390
4217 5367
4209 5356
4200 5334
4197 5309
4195 5292
4194 5270
4207 5271
4227 5279
4244 5288
4257 5295
4269 5302
4290 5319
4313 5340
4333 5361
4347 5378
4366 5403
4379 5424
4392 5446
4401 5462
4409 5481
30 30
2967 929
2948 924
2931 919
2908 911
2902 908
2889 898
2866 874
2846 853
2831 837
2814 815
2804 802
2792 785
2781 768
2769 743
2767 725
2766 711
2787 712
2804 713
2816 718
2833 726
2854 736
2877 754
2899 777
2918 801
2928 814
2947 839
2952 853
2960 877
2963 894
2965 911
1303 4589
1278 4573
1255 4557
1238 4543
1229 4535
1211 4516
1197 4500
1178 4475
1170 4462
1158 4439
1152 4426
1144 4401
1139 4378
1135 4353
1133 4338
1132 4321
1152 4324
1177 4338
1200 4358
1218 4375
1228 4385
1247 4407
1260 4426
1271 4449
1281 4472
1290 4495
1295 4512
1299 4529
1300 4541
1302 4566
30 30
7311 230
7292 229
7272 226
7247 219
7223 208
7206 198
7184 185
7176 179
7155 162
7135 143
7124 131
7109 109
7104 101
7095 79
7085 54
7079 31
7089 31
7110 33
7133 37
7156 47
7178 57
7194 68
7203 76
7222 94
7234 107
7253 130
7272 154
7285 173
7298 194
7308 211
7888 9028
7870 9024
7851 9018
7827 9008
7806 8996
7789 8984
7768 8968
7750 8952
7727 8930
7718 8920
7704 8901
7700 8894
7696 8883
7691 8863
7688 8849
7687 8833
7696 8834
7710 8836
7722 8839
7741 8846
7751 8850
7776 8869
7798 8890
7823 8914
7836 8928
7854 8948
7863 8961
7878 8984
7884 9004
7886 9013
30 30
4116 6401
4094 6398
4074 6391
4061 6386
4041 6377
4020 6364
4001 6352
3980 6330
3969 6316
3955 6293
3947 6278
3937 6253
3932 6239
3926 6216
3923 6193
3923 6175
3928 6176
3949 6181
3973 6188
3998 6209
4018 6226
4038 6244
4051 6262
4064 6281
4073 6297
4083 6315
4092 6332
4103 6353
4110 6373
4115 6394
2633 9067
2611 9066
2591 9065
2574 9064
2557 9062
2534 9058
2512 9049
2497 9041
2484 9034
2470 9025
2456 9010
2445 8992
2437 8973
2430 8956
2426 8939
2424 8927
2423 8908
2448 8911
2467 8915
2484 8920
2509 8929
2533 8942
2547 8950
2571 8964
2584 8972
2602 8985
2619 9009
2624 9017
2628 9027
2632 9045
30 30
3949 5550
3937 5548
3913 5541
3888 5524
3866 5507
3843 5488
3820 5463
3806 5446
3789 5424
3775 5400
3768 5376
3762 5353
3758 5336
3755 5316
3754 5297
3772 5298
3786 5305
3805 5317
3813 5324
3833 5343
3850 5361
3870 5383
3888 5405
3899 5419
3906 5430
3912 5441
3922 5463
3931 5483
3940 5504
3946 5527
4801 5037
4782 5031
4765 5025
4749 5018
4724 5006
4700 4994
4677 4980
4658 4959
4641 4940
4624 4917
4613 4901
4602 4881
4599 4865
4598 4856
4597 4840
4616 4841
4633 4846
4652 4853
4661 4857
4678 4865
4701 4878
4721 4894
4746 4917
4752 4924
4763 4939
4770 4951
4779 4968
4788 4991
4797 5016
4800 5030
30 30
5137 1845
5112 1842
5098 1839
5083 1832
5058 1820
5033 1804
5020 1795
4999 1771
4982 1751
4969 1731
4953 1706
4944 1689
4938 1669
4932 1646
4928 1623
4944 1624
4967 1629
4990 1638
4997 1641
5019 1654
5041 1677
5063 1701
5075 1715
5092 1735
5103 1749
5116 1767
5129 1789
5130 1791
5134 1814
5136 1832
9898 1759
9887 1755
9866 1746
9851 1738
9831 1725
9806 1708
9784 1691
9768 1678
9743 1657
9724 1636
9707 1615
9692 1592
9685 1579
9678 1561
9670 1539
9669 1533
9668 1526
9682 1529
9695 1532
9718 1546
9739 1559
9758 1574
9781 1595
9803 1616
9815 1630
9831 1649
9852 1674
9867 1696
9879 1718
9891 1741
0 0
