50 50
6601 835
6577 834
6554 831
6535 827
6514 822
6490 815
6480 812
6463 806
6440 797
6421 789
6398 777
6374 758
6351 739
6337 727
6321 712
6310 699
6300 687
6285 668
6277 653
6270 634
6261 609
6258 600
6252 575
6249 562
6244 540
6241 520
6239 496
6260 497
6285 501
6306 505
6327 513
6346 522
6369 533
6386 542
6405 553
6424 566
6443 580
6466 601
6478 612
6497 630
6514 652
6531 677
6545 700
6549 707
6557 722
6566 739
6574 756
6581 773
6590 795
6597 814
8804 6951
8790 6950
8767 6947
8753 6944
8730 6935
8711 6927
8694 6919
8671 6908
8647 6894
8641 6890
8618 6874
8596 6857
8581 6844
8565 6830
8545 6808
8525 6785
8509 6766
8499 6753
8483 6732
8465 6707
8455 6689
8449 6678
8441 6661
8435 6640
8431 6616
8429 6596
8454 6598
8466 6599
8489 6603
8512 6608
8528 6613
8550 6620
8561 6624
8586 6635
8607 6646
8628 6659
8646 6672
8669 6689
8693 6712
8715 6735
8725 6746
8744 6769
8758 6787
8770 6806
8776 6825
8783 6848
8789 6871
8793 6888
8798 6912
8802 6933
50 50
3508 9409
3491 9406
3469 9401
3449 9394
3432 9387
3412 9378
3392 9367
3373 9356
3348 9336
3338 9325
3319 9301
3308 9287
3298 9274
3282 9253
3267 9233
3260 9223
3255 9214
3244 9193
3231 9168
3220 9145
3214 9132
3210 9119
3206 9098
3203 9081
3199 9058
3197 9045
3220 9047
3232 9049
3253 9053
3260 9056
3265 9059
3283 9073
3297 9084
3304 9090
3327 9111
3346 9131
3359 9145
3374 9162
3394 9185
3405 9198
3421 9219
3440 9244
3452 9261
3469 9286
3481 9311
3489 9328
3493 9341
3500 9364
3502 9373
3507 9396
4757 7222
4735 7221
4715 7218
4700 7215
4686 7212
4661 7206
4639 7198
4623 7191
4606 7183
4581 7164
4565 7150
4554 7140
4533 7118
4515 7098
4505 7085
4486 7060
4468 7035
4458 7021
4448 7004
4435 6980
4427 6958
4422 6942
4420 6927
4417 6902
4416 6877
4437 6879
4455 6881
4476 6885
4497 6890
4513 6895
4532 6901
4549 6908
4561 6913
4576 6921
4587 6927
4608 6944
4630 6964
4634 6968
4645 6980
4666 7003
4688 7028
4702 7045
4717 7064
4726 7088
4730 7101
4736 7121
4743 7146
4748 7168
4752 7190
4756 7213
50 50
4697 3284
4677 3281
4660 3276
4644 3271
4631 3266
4608 3257
4590 3249
4579 3244
4558 3233
4536 3221
4523 3213
4500 3194
4475 3173
4456 3156
4432 3131
4419 3117
4410 3103
4397 3082
4386 3063
4373 3039
4368 3022
4363 2999
4362 2981
4361 2958
4360 2933
4374 2934
4388 2937
4401 2940
4426 2946
4430 2947
4446 2952
4465 2958
4478 2965
4494 2974
4501 2979
4523 2995
4532 3003
4546 3016
4570 3041
4588 3060
4604 3078
4625 3103
4638 3122
4650 3141
4664 3164
4675 3187
4683 3206
4689 3225
4693 3248
4696 3268
9615 3184
9598 3182
9590 3181
9569 3177
9548 3166
9535 3159
9524 3153
9504 3142
9481 3128
9462 3114
9449 3104
9425 3085
9402 3066
9382 3049
9367 3035
9351 3018
9337 3001
9319 2977
9304 2955
9296 2942
9287 2923
9280 2901
9274 2881
9269 2862
9265 2843
9261 2820
9259 2803
9273 2804
9288 2806
9312 2813
9337 2821
9361 2838
9382 2853
9405 2870
9427 2887
9443 2900
9468 2922
9493 2945
9518 2969
9537 2989
9559 3014
9566 3022
9574 3035
9584 3052
9595 3073
9604 3096
9611 3119
9614 3134
9617 3159
9618 3184
50 50
5252 6716
5231 6708
5210 6699
5187 6689
5170 6681
5147 6670
5128 6660
5114 6649
5097 6634
5084 6622
5066 6605
5044 6584
5031 6569
5020 6556
5006 6539
4993 6523
4975 6498
4962 6479
4949 6457
4946 6448
4941 6431
4935 6409
4932 6395
4931 6390
4927 6366
4925 6343
4942 6344
4950 6345
4968 6348
4993 6355
5014 6363
5031 6370
5055 6381
5069 6391
5084 6403
5104 6422
5125 6442
5143 6462
5163 6486
5177 6503
5193 6526
5207 6549
5220 6573
5225 6586
5230 6600
5237 6620
5241 6637
5245 6657
5249 6682
5251 6695
5646 384
5624 382
5612 380
5587 373
5573 369
5562 365
5545 358
5525 347
5500 329
5479 313
5457 294
5437 276
5419 257
5404 239
5385 216
5367 194
5350 173
5343 164
5330 147
5319 130
5308 107
5302 94
5297 71
5294 51
5292 32
5317 33
5336 35
5343 36
5368 44
5388 51
5411 60
5428 68
5450 80
5466 89
5484 100
5496 108
5518 123
5536 136
5558 159
5578 182
5597 205
5615 228
5617 231
5630 253
5640 275
5650 298
5658 323
5665 346
5670 363
5671 384
50 50
7946 5161
7922 5160
7909 5159
7890 5155
7867 5146
7852 5140
7831 5131
7813 5121
7793 5108
7768 5091
7743 5072
7729 5061
7708 5044
7688 5027
7678 5018
7667 5005
7662 4999
7651 4985
7636 4964
7620 4939
7611 4922
7604 4905
7596 4880
7591 4857
7590 4832
7609 4834
7625 4837
7636 4840
7661 4847
7677 4852
7696 4858
7719 4866
7744 4875
7767 4886
7785 4897
7803 4909
7822 4924
7843 4941
7850 4947
7861 4961
7875 4984
7886 5004
7899 5028
7906 5041
7911 5051
7919 5070
7927 5090
7935 5113
7939 5130
7942 5143
2412 4427
2390 4426
2376 4425
2357 4421
2333 4414
2308 4406
2289 4397
2266 4385
2247 4375
2229 4364
2226 4362
2207 4348
2186 4332
2165 4315
2146 4298
2124 4275
2111 4259
2098 4242
2088 4226
2076 4201
2067 4182
2059 4165
2050 4145
2043 4127
2041 4110
2055 4111
2075 4113
2099 4118
2109 4121
2126 4127
2139 4132
2164 4143
2184 4152
2205 4162
2230 4174
2252 4186
2273 4202
2290 4218
2311 4238
2335 4261
2355 4282
2372 4301
2375 4305
2384 4321
2390 4332
2395 4344
2403 4369
2407 4386
2410 4400
2411 4413
50 50
9791 9625
9768 9621
9750 9616
9733 9610
9716 9599
9706 9592
9685 9576
9668 9563
9655 9553
9635 9537
9615 9519
9601 9506
9589 9493
9576 9478
9557 9455
9543 9436
9527 9414
9515 9397
9509 9386
9499 9361
9496 9353
9492 9332
9489 9315
9486 9296
9486 9278
9510 9279
9522 9280
9543 9284
9567 9289
9590 9294
9607 9298
9629 9305
9652 9315
9674 9338
9695 9361
9703 9371
9714 9387
9726 9406
9734 9421
9743 9438
9750 9453
9754 9462
9762 9483
9767 9499
9774 9522
9778 9539
9783 9561
9786 9578
9788 9593
9790 9613
1944 3101
1925 3100
1907 3099
1893 3096
1870 3091
1857 3084
1832 3070
1829 3068
1806 3050
1785 3031
1771 3018
1748 2996
1725 2972
1712 2957
1693 2932
1679 2913
1670 2900
1653 2875
1648 2864
1643 2848
1640 2834
1637 2810
1635 2786
1634 2768
1633 2743
1645 2743
1660 2744
1667 2745
1690 2750
1711 2755
1735 2766
1758 2777
1765 2782
1784 2796
1794 2804
1814 2823
1834 2844
1855 2868
1858 2872
1876 2897
1889 2916
1897 2929
1911 2954
1916 2966
1925 2991
1930 3008
1933 3025
1935 3037
1939 3062
1942 3082
50 50
4242 3208
4220 3206
4201 3204
4178 3201
4154 3197
4131 3193
4109 3188
4094 3184
4069 3175
4053 3168
4034 3154
4017 3141
4011 3136
3992 3120
3969 3095
3954 3076
3944 3063
3931 3045
3922 3029
3911 3004
3903 2985
3895 2960
3891 2946
3890 2939
3888 2924
3886 2905
3885 2888
3908 2889
3929 2890
3935 2891
3958 2895
3979 2900
4001 2906
4026 2915
4034 2918
4055 2931
4074 2943
4090 2954
4109 2969
4132 2993
4153 3018
4158 3024
4173 3046
4188 3069
4204 3094
4211 3107
4216 3118
4227 3143
4232 3162
4237 3184
5364 4142
5345 4141
5330 4139
5305 4135
5283 4128
5269 4123
5244 4114
5221 4104
5196 4092
5175 4081
5162 4074
5143 4063
5120 4048
5102 4031
5082 4012
5064 3991
5050 3974
5043 3964
5032 3947
5020 3928
5016 3921
5006 3899
5000 3876
4994 3851
4991 3831
4990 3813
5011 3814
5028 3815
5052 3817
5071 3819
5095 3824
5114 3828
5131 3834
5142 3840
5164 3855
5180 3866
5199 3880
5218 3895
5238 3913
5259 3932
5278 3950
5297 3973
5316 3998
5327 4015
5339 4034
5348 4051
5352 4062
5357 4076
5363 4096
5364 4117
50 50
7368 5571
7351 5570
7335 5568
7312 5565
7290 5562
7276 5559
7255 5554
7244 5551
7230 5546
7225 5544
7200 5530
7175 5507
7156 5489
7134 5468
7109 5444
7086 5419
7071 5402
7067 5396
7059 5381
7052 5361
7050 5354
7045 5330
7044 5317
7043 5303
7042 5280
7042 5264
7062 5265
7083 5269
7102 5274
7115 5278
7138 5286
7158 5293
7176 5300
7199 5309
7217 5322
7231 5333
7244 5344
7268 5369
7291 5394
7304 5410
7308 5415
7325 5437
7344 5462
7348 5469
7355 5489
7358 5499
7362 5518
7365 5535
7366 5545
7367 5557
744 6018
719 6014
702 6011
688 6008
665 6003
651 5998
632 5990
612 5979
590 5966
571 5954
551 5939
533 5925
510 5905
497 5888
483 5869
471 5852
462 5839
450 5821
437 5800
429 5787
420 5770
413 5756
405 5731
401 5712
400 5702
399 5681
419 5682
435 5683
460 5685
484 5690
498 5693
516 5698
530 5706
553 5720
569 5731
593 5748
607 5758
623 5773
646 5797
663 5817
677 5834
696 5858
709 5879
715 5893
723 5916
728 5931
732 5949
736 5968
741 5992
743 6004
50 50
6999 5559
6974 5558
6950 5557
6927 5550
6909 5540
6890 5528
6870 5515
6847 5499
6826 5484
6804 5465
6783 5446
6769 5427
6759 5412
6744 5389
6732 5367
6721 5346
6715 5333
6708 5308
6704 5285
6700 5260
6699 5249
6698 5233
6697 5215
6696 5193
6696 5183
6714 5184
6737 5186
6747 5187
6762 5191
6787 5199
6803 5205
6815 5210
6836 5222
6861 5239
6879 5255
6902 5276
6915 5288
6934 5308
6951 5333
6957 5342
6962 5355
6970 5380
6977 5402
6984 5425
6986 5433
6990 5456
6992 5471
6995 5496
6997 5515
6998 5535
4583 7194
4563 7192
4540 7188
4524 7185
4506 7178
4485 7168
4460 7156
4437 7144
4423 7133
4414 7125
4393 7105
4381 7092
4362 7068
4344 7043
4333 7025
4320 7002
4309 6982
4297 6957
4286 6934
4278 6916
4272 6902
4267 6890
4261 6871
4259 6849
4258 6827
4281 6832
4306 6838
4324 6843
4343 6850
4362 6858
4384 6868
4407 6880
4426 6890
4434 6895
4452 6908
4472 6925
4491 6943
4511 6964
4515 6969
4532 6994
4548 7019
4559 7039
4571 7064
4580 7088
4587 7107
4592 7128
4595 7141
4598 7157
4600 7175
4601 7194
50 50
7541 3960
7521 3959
7509 3958
7489 3956
7467 3949
7455 3944
7442 3938
7423 3928
7400 3915
7395 3912
7388 3906
7363 3884
7348 3868
7336 3855
7315 3832
7295 3809
7274 3784
7256 3761
7246 3748
7228 3723
7215 3704
7205 3688
7194 3670
7184 3651
7175 3632
7166 3612
7190 3613
7209 3615
7228 3618
7244 3621
7253 3623
7274 3628
7289 3632
7302 3638
7319 3648
7333 3657
7354 3671
7378 3696
7398 3717
7421 3742
7443 3767
7456 3782
7466 3797
7481 3820
7495 3842
7509 3865
7521 3886
7526 3897
7536 3921
7539 3937
4434 1885
4414 1884
4397 1882
4374 1877
4352 1868
4333 1858
4320 1851
4299 1838
4289 1831
4265 1808
4251 1791
4236 1772
4223 1754
4207 1731
4192 1708
4186 1698
4172 1673
4164 1658
4153 1637
4148 1626
4141 1610
4138 1587
4137 1572
4136 1552
4139 1552
4156 1553
4167 1554
4189 1559
4208 1565
4219 1570
4240 1581
4255 1589
4264 1594
4283 1608
4307 1627
4325 1643
4349 1665
4370 1690
4379 1701
4391 1718
4393 1721
4396 1726
4406 1747
4415 1767
4420 1783
4423 1793
4426 1806
4429 1831
4431 1848
4433 1869
0 0
