500 3
4140 9117
4115 9116
4091 9115
4068 9114
4047 9113
4027 9112
4008 9111
3990 9110
3974 9109
3959 9108
3945 9107
3920 9105
3896 9103
3877 9101
3859 9099
3842 9097
3819 9094
3804 9092
3783 9089
3763 9086
3750 9084
3727 9080
3716 9078
3700 9075
3685 9072
3661 9067
3647 9064
3624 9059
3602 9054
3591 9051
3573 9046
3548 9039
3528 9033
3505 9026
3486 9020
3464 9013
3439 9005
3416 8997
3399 8991
3385 8986
3363 8978
3344 8971
3323 8963
3310 8958
3292 8951
3267 8941
3245 8932
3228 8925
3209 8917
3186 8907
3170 8900
3161 8896
3139 8886
3124 8879
3107 8871
3088 8862
3063 8850
3038 8837
3015 8825
2998 8816
2983 8808
2970 8801
2948 8789
2928 8778
2919 8773
2894 8759
2871 8746
2847 8732
2830 8722
2812 8711
2796 8701
2777 8689
2752 8673
2732 8660
2709 8645
2703 8641
2681 8626
2665 8615
2642 8599
2632 8592
2615 8580
2591 8563
2577 8553
2552 8535
2541 8527
2526 8516
2507 8502
2484 8485
2467 8472
2445 8455
2422 8437
2403 8422
2379 8403
2358 8386
2342 8373
2331 8364
2314 8350
2291 8331
2279 8321
2260 8305
2247 8294
2227 8277
2220 8271
2198 8252
2183 8239
2160 8219
2135 8197
2126 8189
2107 8172
2087 8154
2066 8135
2055 8125
2032 8104
2008 8082
1995 8070
1981 8057
1966 8043
1950 8028
1932 8011
1912 7992
1891 7972
1868 7950
1843 7926
1839 7922
1815 7897
1793 7874
1772 7852
1752 7831
1733 7811
1718 7795
1704 7780
1692 7767
1671 7744
1651 7722
1633 7702
1616 7683
1600 7665
1593 7657
1573 7634
1561 7620
1544 7600
1523 7575
1513 7563
1494 7540
1480 7523
1471 7512
1458 7496
1441 7475
1437 7470
1418 7446
1403 7427
1392 7413
1382 7400
1366 7379
1349 7356
1338 7341
1325 7323
1307 7298
1292 7277
1280 7260
1269 7244
1254 7222
1252 7219
1241 7202
1232 7188
1216 7163
1209 7152
1197 7133
1192 7125
1179 7104
1168 7086
1154 7063
1139 7038
1126 7016
1115 6997
1107 6983
1094 6960
1080 6935
1069 6915
1063 6904
1050 6880
1043 6867
1035 6852
1026 6835
1016 6816
1005 6795
992 6770
981 6747
972 6728
964 6711
958 6698
947 6674
938 6654
931 6638
921 6615
918 6608
910 6589
903 6572
894 6550
884 6525
875 6502
868 6484
860 6463
853 6444
845 6422
839 6405
831 6381
823 6356
817 6337
812 6321
805 6298
802 6288
797 6271
791 6250
784 6225
779 6207
775 6192
773 6184
767 6159
763 6142
760 6129
755 6107
752 6093
747 6069
742 6044
740 6033
737 6016
733 5993
730 5974
727 5954
725 5939
722 5916
721 5908
719 5891
717 5872
716 5862
714 5841
713 5830
711 5807
709 5782
708 5769
707 5755
706 5736
705 5716
704 5695
703 5673
702 5649
701 5624
718 5624
743 5625
767 5626
787 5627
805 5628
822 5629
838 5630
853 5631
867 5632
880 5633
904 5635
915 5636
936 5638
955 5640
973 5642
998 5645
1006 5646
1029 5649
1044 5651
1066 5654
1086 5657
1105 5660
1130 5664
1136 5665
1159 5669
1181 5673
1197 5676
1221 5681
1235 5684
1258 5689
1267 5691
1280 5694
1292 5697
1315 5703
1334 5708
1349 5712
1374 5719
1395 5725
1412 5730
1432 5736
1455 5743
1468 5747
1484 5752
1503 5758
1525 5765
1534 5768
1559 5777
1570 5781
1594 5790
1607 5795
1625 5802
1648 5811
1653 5813
1660 5816
1683 5826
1707 5837
1720 5843
1739 5852
1762 5863
1787 5875
1812 5888
1835 5900
1856 5911
1875 5921
1890 5929
1903 5936
1927 5949
1938 5955
1956 5965
1979 5978
1998 5989
2022 6003
2039 6013
2061 6026
2081 6038
2104 6052
2122 6063
2135 6071
2156 6084
2175 6096
2186 6103
2211 6119
2231 6132
2254 6147
2278 6163
2303 6180
2325 6195
2344 6208
2360 6219
2373 6228
2383 6235
2408 6253
2426 6266
2437 6274
2452 6285
2471 6299
2494 6316
2502 6322
2527 6341
2544 6354
2566 6371
2575 6378
2598 6396
2613 6408
2630 6422
2654 6442
2679 6463
2692 6474
2712 6491
2726 6503
2748 6522
2763 6535
2786 6555
2802 6569
2823 6588
2846 6609
2860 6622
2876 6637
2893 6653
2912 6671
2932 6690
2953 6710
2975 6731
3000 6755
3013 6768
3037 6793
3058 6815
3078 6836
3097 6856
3115 6875
3132 6893
3148 6910
3162 6925
3174 6938
3197 6963
3207 6974
3216 6984
3233 7003
3241 7012
3263 7037
3276 7052
3295 7074
3306 7087
3325 7110
3339 7127
3357 7149
3374 7170
3394 7195
3405 7209
3419 7227
3429 7240
3442 7257
3458 7278
3476 7302
3493 7325
3504 7340
3512 7351
3525 7369
3543 7394
3555 7411
3569 7431
3578 7444
3591 7463
3606 7485
3623 7510
3638 7533
3651 7553
3662 7570
3671 7584
3686 7608
3699 7629
3713 7652
3725 7672
3735 7689
3746 7708
3759 7731
3768 7747
3782 7772
3787 7781
3793 7792
3806 7816
3813 7829
3821 7844
3831 7863
3842 7884
3854 7907
3867 7932
3877 7953
3886 7972
3893 7987
3899 8000
3910 8024
3921 8049
3931 8072
3939 8091
3948 8113
3956 8133
3965 8156
3972 8174
3977 8187
3980 8195
3987 8214
3996 8239
4001 8253
4003 8259
4011 8284
4018 8306
4024 8325
4029 8341
4033 8354
4038 8371
4045 8395
4050 8413
4056 8435
4060 8450
4065 8470
4071 8495
4076 8516
4080 8533
4082 8542
4087 8565
4090 8579
4094 8598
4098 8618
4102 8639
4105 8656
4109 8681
4112 8700
4114 8713
4117 8733
4118 8740
4121 8762
4124 8785
4127 8810
4129 8827
4130 8836
4132 8855
4134 8875
4135 8886
4136 8898
4137 8911
4138 8925
4139 8940
4140 8956
4141 8973
4142 8991
4143 9010
4144 9030
4145 9051
4146 9073
4147 9098
4147 9117
2143 302
2140 286
2151 302
0 0
