500 3
8070 9963
8046 9962
8023 9961
8003 9960
7984 9959
7966 9958
7949 9957
7936 9956
7911 9954
7899 9953
7876 9951
7854 9949
7833 9947
7813 9945
7794 9943
7769 9940
7746 9937
7721 9933
7697 9929
7674 9925
7657 9922
7635 9918
7619 9915
7598 9911
7575 9906
7566 9904
7544 9899
7527 9895
7506 9890
7483 9884
7468 9880
7443 9873
7436 9871
7412 9864
7395 9859
7372 9852
7359 9848
7340 9842
7318 9835
7309 9832
7286 9824
7266 9817
7241 9808
7219 9800
7211 9797
7198 9792
7188 9788
7166 9779
7149 9772
7137 9767
7123 9761
7100 9751
7075 9740
7057 9732
7037 9723
7026 9718
7011 9711
6994 9703
6992 9702
6971 9691
6952 9681
6935 9672
6920 9664
6907 9657
6896 9651
6876 9640
6858 9630
6833 9616
6819 9608
6800 9597
6776 9583
6759 9573
6741 9562
6728 9554
6720 9549
6700 9536
6677 9521
6656 9507
6631 9490
6609 9475
6593 9464
6583 9457
6566 9445
6541 9427
6530 9419
6515 9408
6492 9391
6467 9372
6446 9356
6429 9343
6410 9328
6386 9309
6366 9293
6345 9276
6329 9263
6312 9249
6289 9230
6283 9225
6258 9204
6239 9188
6219 9171
6212 9165
6197 9152
6174 9132
6166 9125
6141 9103
6124 9088
6106 9072
6085 9053
6063 9033
6050 9021
6036 9008
6021 8994
6005 8979
5988 8963
5970 8946
5949 8926
5926 8904
5902 8881
5886 8865
5863 8841
5841 8818
5820 8796
5800 8775
5782 8756
5765 8738
5749 8721
5734 8705
5720 8690
5707 8676
5695 8663
5673 8639
5653 8617
5634 8596
5625 8586
5608 8567
5593 8550
5571 8525
5551 8502
5532 8480
5526 8473
5515 8460
5499 8441
5484 8423
5465 8400
5452 8384
5435 8363
5415 8338
5397 8315
5390 8306
5373 8284
5357 8263
5342 8243
5325 8220
5311 8201
5300 8186
5284 8164
5271 8146
5254 8122
5238 8099
5227 8083
5214 8064
5199 8041
5186 8021
5170 7996
5158 7977
5145 7956
5137 7943
5127 7926
5113 7902
5102 7883
5098 7876
5085 7853
5071 7828
5060 7808
5054 7797
5041 7773
5034 7760
5024 7741
5013 7720
5001 7697
4995 7685
4983 7660
4972 7637
4963 7618
4955 7601
4948 7586
4942 7573
4937 7562
4928 7542
4924 7533
4913 7508
4906 7492
4896 7469
4888 7450
4881 7433
4872 7411
4866 7396
4857 7373
4850 7355
4845 7342
4837 7321
4834 7313
4826 7291
4821 7277
4815 7260
4808 7240
4800 7217
4792 7193
4784 7168
4777 7146
4772 7130
4768 7117
4761 7094
4758 7084
4756 7077
4749 7052
4744 7034
4738 7012
4734 6997
4729 6978
4723 6955
4721 6947
4717 6930
4712 6908
4707 6885
4703 6866
4698 6842
4694 6821
4691 6805
4688 6788
4684 6765
4680 6740
4677 6720
4676 6713
4674 6698
4671 6675
4669 6658
4667 6640
4665 6621
4664 6611
4662 6590
4661 6578
4659 6553
4658 6537
4657 6520
4656 6499
4655 6477
4654 6454
4653 6430
4652 6405
4658 6405
4681 6406
4702 6407
4722 6408
4740 6409
4757 6410
4773 6411
4787 6412
4800 6413
4825 6415
4837 6416
4860 6418
4871 6419
4892 6421
4910 6423
4935 6426
4943 6427
4966 6430
4988 6433
5008 6436
5021 6438
5046 6442
5069 6446
5091 6450
5107 6453
5128 6457
5148 6461
5172 6466
5191 6470
5213 6475
5234 6480
5259 6486
5282 6492
5301 6497
5326 6504
5343 6509
5356 6513
5372 6518
5391 6524
5413 6531
5438 6539
5453 6544
5476 6552
5493 6558
5507 6563
5518 6567
5534 6573
5547 6578
5565 6585
5588 6594
5598 6598
5620 6607
5641 6616
5659 6624
5670 6629
5683 6635
5700 6643
5719 6652
5740 6662
5763 6673
5784 6684
5803 6694
5818 6702
5831 6709
5855 6722
5873 6732
5898 6746
5914 6755
5937 6768
5961 6782
5978 6792
6000 6805
6010 6811
6028 6822
6041 6830
6062 6843
6078 6853
6097 6865
6119 6879
6144 6895
6161 6906
6181 6919
6187 6923
6209 6938
6222 6947
6232 6954
6249 6966
6273 6983
6298 7001
6320 7017
6335 7028
6354 7042
6362 7048
6387 7067
6408 7083
6425 7096
6438 7106
6456 7120
6480 7139
6501 7156
6523 7174
6540 7188
6563 7207
6588 7228
6607 7244
6630 7264
6654 7285
6679 7307
6696 7322
6714 7338
6733 7355
6753 7373
6775 7393
6787 7404
6812 7427
6826 7440
6841 7454
6859 7471
6878 7489
6899 7509
6921 7530
6944 7552
6968 7577
6991 7601
7010 7621
7027 7639
7043 7656
7058 7672
7081 7697
7102 7720
7112 7731
7129 7750
7151 7775
7164 7790
7183 7812
7201 7833
7218 7853
7229 7866
7250 7891
7268 7913
7281 7929
7298 7950
7314 7970
7333 7994
7348 8013
7366 8036
7383 8058
7396 8075
7413 8098
7426 8116
7444 8141
7461 8165
7473 8182
7480 8192
7496 8215
7505 8228
7521 8252
7536 8275
7545 8289
7561 8314
7568 8325
7580 8344
7593 8365
7604 8383
7610 8393
7623 8415
7633 8432
7640 8444
7644 8451
7657 8474
7671 8499
7682 8519
7694 8541
7707 8565
7714 8578
7722 8593
7731 8610
7741 8629
7752 8650
7765 8675
7777 8700
7787 8721
7795 8738
7802 8753
7813 8778
7820 8794
7830 8817
7836 8831
7844 8850
7854 8874
7863 8896
7871 8916
7880 8939
7887 8957
7895 8978
7898 8986
7905 9005
7909 9016
7915 9033
7922 9053
7923 9056
7931 9081
7938 9103
7944 9122
7948 9135
7955 9158
7958 9168
7963 9185
7970 9209
7976 9230
7983 9255
7988 9273
7991 9284
7995 9299
8000 9318
8006 9341
8012 9365
8018 9390
8023 9411
8027 9428
8030 9441
8035 9464
8038 9478
8042 9499
8045 9515
8049 9537
8053 9560
8054 9566
8058 9591
8061 9610
8063 9623
8066 9644
8069 9666
8071 9681
8074 9705
8076 9722
8077 9731
8079 9750
8081 9774
8083 9799
8084 9814
8085 9831
8086 9849
8087 9868
8088 9888
8089 9910
8090 9933
8091 9958
8091 9963
5294 9760
5271 9735
5286 9736
0 0
