500 3
6199 3586
6174 3585
6150 3584
6127 3583
6105 3582
6084 3581
6064 3580
6048 3579
6025 3577
6004 3575
5994 3574
5975 3572
5958 3570
5935 3567
5913 3564
5899 3562
5880 3559
5868 3557
5851 3554
5835 3551
5814 3547
5789 3542
5770 3538
5756 3535
5733 3530
5724 3528
5702 3523
5681 3518
5669 3515
5646 3509
5631 3505
5620 3502
5602 3497
5577 3490
5556 3484
5539 3479
5529 3476
5506 3469
5493 3465
5477 3460
5452 3452
5431 3445
5408 3437
5388 3430
5371 3424
5357 3419
5332 3410
5321 3406
5302 3399
5286 3393
5273 3388
5255 3381
5232 3372
5210 3363
5193 3356
5174 3348
5151 3338
5135 3331
5110 3320
5090 3311
5079 3306
5055 3295
5042 3289
5027 3282
5010 3274
4991 3265
4970 3255
4947 3244
4922 3232
4908 3225
4889 3215
4876 3208
4854 3196
4838 3187
4815 3174
4796 3163
4784 3156
4767 3146
4745 3133
4730 3124
4707 3110
4689 3099
4676 3091
4657 3079
4635 3065
4610 3049
4596 3040
4579 3029
4556 3014
4535 3000
4510 2983
4494 2972
4477 2960
4453 2943
4435 2930
4420 2919
4401 2905
4378 2888
4354 2870
4329 2851
4312 2838
4289 2820
4275 2809
4256 2794
4232 2775
4217 2763
4196 2746
4190 2741
4165 2720
4146 2704
4133 2693
4113 2676
4096 2661
4086 2652
4065 2633
4043 2613
4031 2602
4006 2579
3993 2567
3977 2552
3960 2536
3942 2519
3923 2501
3903 2482
3879 2459
3855 2434
3832 2410
3813 2390
3796 2372
3781 2356
3767 2341
3754 2327
3742 2314
3731 2302
3721 2291
3702 2270
3693 2260
3676 2241
3660 2223
3645 2206
3631 2190
3611 2167
3598 2152
3579 2130
3561 2109
3550 2096
3529 2071
3514 2053
3495 2030
3481 2013
3468 1997
3451 1976
3432 1952
3421 1938
3404 1916
3394 1903
3381 1886
3365 1865
3346 1840
3329 1817
3315 1798
3304 1783
3291 1765
3281 1751
3269 1734
3253 1711
3244 1698
3233 1682
3220 1663
3205 1641
3190 1618
3179 1601
3170 1587
3154 1562
3147 1551
3135 1532
3122 1511
3114 1498
3103 1480
3089 1457
3086 1452
3073 1430
3062 1411
3050 1390
3037 1367
3032 1358
3021 1338
3015 1327
3007 1312
2997 1293
2985 1270
2972 1245
2965 1231
2954 1208
2944 1187
2938 1174
2927 1150
2922 1139
2913 1119
2903 1096
2900 1089
2892 1070
2883 1048
2879 1038
2870 1015
2863 997
2854 973
2849 959
2843 942
2839 930
2832 908
2827 892
2820 869
2817 859
2810 835
2804 814
2797 789
2791 767
2787 752
2782 733
2776 710
2770 686
2764 661
2760 644
2755 622
2753 613
2749 594
2745 574
2741 553
2738 537
2734 515
2730 491
2728 478
2725 456
2723 440
2720 415
2718 395
2716 374
2715 360
2714 344
2713 327
2712 308
2711 288
2710 267
2709 244
2708 220
2707 195
2707 170
2732 171
2755 172
2777 173
2798 174
2818 175
2837 176
2852 177
2875 179
2886 180
2907 182
2927 184
2946 186
2963 188
2988 191
3004 193
3027 196
3042 198
3064 201
3077 203
3096 206
3118 210
3134 213
3158 218
3177 222
3200 227
3222 232
3239 236
3260 241
3285 247
3305 252
3328 258
3347 263
3362 267
3384 273
3402 278
3427 285
3444 290
3464 296
3477 300
3493 305
3512 311
3537 319
3561 327
3581 334
3598 340
3612 345
3637 354
3659 362
3680 370
3693 375
3711 382
3734 391
3754 399
3776 408
3788 413
3811 423
3831 432
3842 437
3855 443
3870 450
3891 460
3914 471
3918 473
3943 486
3966 498
3983 507
3996 514
4020 527
4031 533
4051 544
4076 558
4092 567
4113 579
4125 586
4142 596
4164 609
4169 612
4187 623
4200 631
4221 644
4229 649
4240 656
4265 672
4279 681
4296 692
4319 707
4344 724
4366 739
4385 752
4408 768
4418 775
4435 787
4460 805
4478 818
4489 826
4504 837
4523 851
4546 868
4550 871
4571 887
4588 900
4601 910
4625 929
4641 942
4663 960
4680 974
4704 994
4729 1015
4748 1031
4761 1042
4775 1054
4797 1073
4812 1086
4835 1106
4843 1113
4868 1135
4885 1150
4906 1169
4928 1189
4951 1210
4976 1233
4989 1245
5004 1259
5022 1276
5043 1296
5065 1317
5088 1339
5098 1349
5122 1374
5144 1397
5165 1419
5185 1440
5204 1460
5221 1478
5237 1495
5252 1511
5265 1525
5277 1538
5300 1563
5322 1587
5343 1610
5362 1631
5370 1640
5392 1665
5413 1689
5433 1712
5445 1726
5462 1746
5473 1759
5489 1778
5494 1784
5513 1807
5527 1824
5545 1846
5560 1865
5571 1879
5589 1902
5596 1911
5613 1933
5623 1946
5636 1963
5639 1967
5653 1986
5666 2004
5684 2029
5689 2036
5701 2053
5715 2073
5724 2086
5741 2111
5756 2134
5765 2148
5772 2159
5782 2175
5796 2198
5805 2213
5818 2235
5832 2259
5843 2278
5855 2299
5868 2322
5877 2338
5887 2356
5895 2371
5905 2390
5916 2411
5928 2434
5941 2459
5948 2473
5958 2494
5966 2511
5972 2524
5983 2548
5993 2570
6001 2588
6011 2611
6014 2618
6022 2637
6027 2649
6036 2671
6044 2691
6053 2714
6060 2732
6067 2751
6075 2773
6084 2798
6090 2815
6097 2835
6105 2858
6106 2861
6111 2877
6117 2897
6122 2914
6129 2939
6134 2957
6137 2968
6142 2987
6148 3012
6153 3033
6157 3050
6160 3063
6164 3081
6169 3104
6172 3118
6176 3137
6177 3142
6180 3158
6182 3169
6186 3192
6187 3198
6191 3223
6194 3242
6196 3255
6199 3275
6200 3282
6203 3306
6205 3324
6206 3334
6208 3355
6210 3378
6211 3391
6212 3405
6213 3420
6214 3436
6215 3453
6216 3471
6217 3490
6218 3510
6219 3531
6220 3553
6221 3576
6221 3586
3291 2873
3280 2868
3268 2849
0 0
