500 3
3764 7449
3740 7448
3717 7447
3695 7446
3674 7445
3654 7444
3635 7443
3617 7442
3600 7441
3585 7440
3571 7439
3558 7438
3533 7436
3509 7434
3488 7432
3468 7430
3450 7428
3433 7426
3408 7423
3384 7420
3361 7417
3346 7415
3324 7412
3304 7409
3291 7407
3266 7403
3248 7400
3225 7396
3208 7393
3197 7391
3176 7387
3151 7382
3127 7377
3108 7373
3094 7370
3077 7366
3056 7361
3031 7355
3012 7350
3001 7347
2994 7345
2970 7338
2947 7331
2925 7324
2916 7321
2893 7313
2868 7304
2849 7297
2841 7294
2820 7286
2807 7281
2789 7274
2766 7265
2761 7263
2739 7254
2722 7247
2703 7239
2680 7229
2664 7222
2639 7211
2630 7207
2619 7202
2595 7191
2582 7185
2563 7176
2542 7166
2519 7155
2494 7143
2471 7131
2452 7121
2439 7114
2415 7101
2406 7096
2381 7082
2365 7073
2342 7060
2321 7048
2309 7041
2292 7031
2269 7017
2261 7012
2242 7000
2217 6984
2200 6973
2180 6960
2162 6948
2140 6933
2124 6922
2111 6913
2091 6899
2067 6882
2046 6867
2021 6849
2003 6836
1992 6828
1977 6817
1958 6803
1935 6786
1927 6780
1906 6764
1893 6754
1884 6747
1870 6736
1851 6721
1827 6702
1822 6698
1801 6681
1784 6667
1760 6647
1735 6626
1722 6615
1702 6598
1680 6579
1665 6566
1642 6546
1625 6531
1607 6515
1588 6498
1568 6480
1547 6461
1524 6440
1510 6427
1495 6413
1479 6398
1462 6382
1443 6364
1422 6344
1400 6323
1377 6301
1352 6277
1328 6252
1306 6229
1287 6209
1269 6190
1253 6173
1238 6157
1224 6142
1211 6128
1188 6103
1177 6091
1156 6068
1137 6047
1119 6027
1102 6008
1082 5985
1069 5970
1050 5948
1038 5934
1021 5914
1010 5901
994 5882
973 5857
959 5840
939 5815
928 5801
910 5778
900 5765
887 5748
875 5732
861 5713
853 5702
843 5688
831 5671
824 5661
808 5638
799 5625
782 5600
772 5585
756 5560
749 5549
736 5528
725 5510
716 5495
703 5473
693 5456
686 5444
675 5425
667 5411
654 5388
649 5379
638 5359
632 5348
619 5324
612 5311
603 5294
593 5275
581 5252
568 5227
556 5202
547 5183
539 5166
532 5151
526 5138
515 5114
505 5092
496 5072
488 5054
477 5029
470 5013
460 4990
454 4976
446 4957
441 4945
432 4923
424 4902
417 4883
409 4861
400 4836
395 4822
389 4805
382 4785
374 4760
369 4744
365 4731
358 4708
351 4684
349 4677
344 4659
341 4648
335 4625
330 4605
325 4584
321 4567
318 4554
313 4532
309 4513
304 4489
299 4464
297 4453
294 4436
290 4413
287 4393
284 4371
282 4356
279 4333
277 4317
274 4292
272 4273
270 4252
268 4230
266 4205
265 4191
264 4176
263 4160
262 4143
261 4124
260 4102
259 4079
258 4054
273 4054
296 4055
318 4056
338 4057
357 4058
375 4059
392 4060
408 4061
423 4062
437 4063
462 4065
483 4067
493 4068
510 4070
535 4073
551 4075
574 4078
589 4080
609 4083
628 4086
634 4087
657 4091
674 4094
685 4096
701 4099
722 4103
746 4108
764 4112
777 4115
794 4119
815 4124
840 4130
856 4134
875 4139
890 4143
908 4148
933 4155
957 4162
967 4165
990 4172
1003 4176
1019 4181
1041 4188
1066 4196
1084 4202
1107 4210
1127 4217
1141 4222
1166 4231
1177 4235
1193 4241
1214 4249
1237 4258
1254 4265
1273 4273
1287 4279
1310 4289
1335 4300
1353 4308
1375 4318
1388 4324
1403 4331
1422 4340
1445 4351
1470 4363
1472 4364
1497 4377
1520 4389
1539 4399
1554 4407
1567 4414
1589 4426
1598 4431
1623 4445
1646 4458
1653 4462
1672 4473
1696 4487
1713 4497
1733 4509
1751 4520
1764 4528
1785 4541
1793 4546
1815 4560
1840 4576
1854 4585
1874 4598
1897 4613
1909 4621
1928 4634
1944 4645
1957 4654
1980 4670
1990 4677
2014 4694
2028 4704
2053 4722
2068 4733
2087 4747
2110 4764
2126 4776
2147 4792
2169 4809
2192 4827
2211 4842
2236 4862
2247 4871
2264 4885
2287 4904
2312 4925
2331 4941
2344 4952
2358 4964
2373 4977
2396 4997
2413 5012
2422 5020
2441 5037
2451 5046
2466 5060
2482 5075
2499 5091
2517 5108
2536 5126
2556 5145
2577 5165
2599 5186
2622 5208
2646 5231
2671 5255
2683 5267
2707 5292
2730 5316
2752 5339
2772 5360
2791 5380
2809 5399
2825 5416
2839 5431
2852 5445
2864 5458
2887 5483
2897 5494
2916 5515
2934 5535
2950 5553
2965 5570
2987 5595
3000 5610
3018 5631
3035 5651
3046 5664
3062 5683
3083 5708
3102 5731
3116 5748
3129 5764
3146 5785
3165 5809
3176 5823
3194 5846
3201 5855
3211 5868
3227 5889
3246 5914
3260 5933
3271 5948
3279 5959
3292 5977
3297 5984
3309 6001
3320 6017
3335 6039
3350 6062
3359 6076
3373 6098
3385 6117
3395 6133
3408 6154
3419 6172
3433 6195
3446 6217
3456 6234
3463 6246
3472 6262
3483 6282
3489 6293
3502 6317
3511 6334
3521 6353
3532 6374
3545 6399
3552 6413
3564 6438
3574 6459
3582 6476
3593 6500
3598 6512
3605 6529
3613 6550
3616 6558
3625 6583
3630 6597
3636 6614
3644 6637
3651 6659
3656 6675
3660 6688
3667 6711
3673 6731
3680 6755
3685 6773
3691 6795
3697 6818
3698 6822
3704 6847
3709 6868
3713 6885
3716 6898
3718 6907
3723 6930
3726 6944
3730 6963
3735 6987
3736 6992
3740 7013
3743 7029
3746 7047
3749 7066
3751 7079
3752 7086
3755 7108
3757 7123
3760 7146
3762 7163
3764 7182
3765 7192
3767 7213
3768 7224
3770 7247
3772 7271
3774 7296
3775 7309
3776 7325
3777 7343
3778 7362
3779 7382
3780 7403
3781 7425
3782 7449
3560 7539
3549 7515
3554 7519
0 0
