500 3
4533 8380
4508 8379
4484 8378
4462 8377
4441 8376
4421 8375
4403 8374
4387 8373
4372 8372
4358 8371
4345 8370
4322 8368
4312 8367
4294 8365
4277 8363
4252 8360
4244 8359
4221 8356
4200 8353
4187 8351
4168 8348
4143 8344
4125 8341
4102 8337
4085 8334
4074 8332
4050 8327
4036 8324
4013 8319
4004 8317
3982 8312
3969 8309
3952 8305
3931 8300
3906 8294
3894 8291
3871 8285
3852 8280
3837 8276
3815 8270
3808 8268
3784 8261
3764 8255
3741 8248
3719 8241
3698 8234
3678 8227
3664 8222
3642 8214
3623 8207
3599 8198
3586 8193
3568 8186
3545 8177
3520 8167
3497 8157
3477 8148
3464 8142
3447 8134
3428 8125
3405 8114
3380 8102
3359 8091
3340 8081
3323 8072
3308 8064
3284 8051
3262 8039
3242 8028
3217 8014
3201 8005
3194 8001
3182 7994
3160 7981
3155 7978
3137 7967
3116 7954
3108 7949
3089 7937
3067 7923
3053 7914
3030 7899
3027 7897
3002 7880
2980 7865
2964 7854
2951 7845
2928 7829
2908 7815
2891 7803
2884 7798
2866 7785
2855 7777
2840 7766
2821 7752
2813 7746
2788 7727
2771 7714
2758 7704
2736 7687
2718 7673
2699 7658
2684 7646
2663 7629
2644 7613
2631 7602
2611 7585
2590 7567
2568 7548
2553 7535
2530 7515
2521 7507
2502 7490
2480 7470
2456 7448
2443 7436
2429 7423
2414 7409
2398 7394
2380 7377
2360 7358
2337 7336
2313 7313
2288 7289
2273 7274
2249 7249
2227 7226
2206 7204
2187 7184
2169 7165
2152 7147
2139 7133
2127 7120
2104 7095
2095 7085
2078 7066
2070 7057
2048 7032
2028 7009
2009 6987
1991 6966
1975 6947
1954 6922
1944 6910
1925 6887
1907 6865
1894 6849
1886 6839
1867 6815
1852 6796
1841 6782
1831 6769
1815 6748
1800 6728
1783 6705
1769 6686
1758 6671
1740 6646
1735 6639
1718 6615
1702 6592
1687 6570
1677 6555
1662 6532
1649 6512
1638 6495
1629 6481
1613 6456
1606 6445
1596 6429
1583 6408
1572 6390
1558 6367
1555 6362
1542 6340
1528 6316
1517 6297
1509 6283
1496 6260
1487 6244
1473 6219
1463 6201
1452 6181
1440 6159
1427 6135
1418 6118
1408 6099
1397 6078
1385 6053
1376 6034
1368 6017
1361 6002
1350 5978
1341 5958
1334 5942
1324 5918
1317 5901
1308 5878
1303 5865
1295 5844
1286 5820
1282 5809
1273 5784
1268 5770
1262 5753
1255 5733
1247 5710
1243 5698
1237 5679
1232 5663
1228 5650
1221 5627
1216 5610
1209 5585
1206 5574
1202 5559
1196 5536
1194 5528
1188 5503
1183 5482
1180 5469
1176 5451
1173 5437
1169 5418
1164 5394
1161 5379
1157 5358
1155 5347
1151 5324
1149 5312
1146 5293
1143 5273
1140 5251
1138 5236
1135 5213
1132 5189
1129 5164
1127 5145
1126 5135
1124 5114
1122 5089
1121 5076
1120 5059
1119 5041
1118 5022
1117 5002
1116 4980
1115 4956
1115 4940
1117 4940
1142 4941
1166 4942
1188 4943
1207 4944
1225 4945
1242 4946
1257 4947
1271 4948
1284 4949
1309 4951
1332 4953
1354 4955
1375 4957
1385 4958
1404 4960
1422 4962
1447 4965
1470 4968
1485 4970
1507 4973
1514 4974
1539 4978
1562 4982
1579 4985
1590 4987
1606 4990
1627 4994
1652 4999
1675 5004
1693 5008
1715 5013
1728 5016
1753 5022
1772 5027
1787 5031
1798 5034
1816 5039
1840 5046
1863 5053
1879 5058
1898 5064
1920 5071
1945 5079
1957 5083
1977 5090
1994 5096
2008 5101
2033 5110
2055 5118
2079 5127
2092 5132
2110 5139
2133 5148
2153 5156
2175 5165
2192 5172
2204 5177
2218 5183
2241 5193
2257 5200
2282 5211
2293 5216
2306 5222
2321 5229
2342 5239
2364 5250
2389 5263
2404 5271
2415 5277
2435 5288
2444 5293
2463 5304
2487 5318
2509 5331
2519 5337
2532 5345
2543 5352
2568 5368
2582 5377
2599 5388
2622 5403
2637 5413
2659 5428
2678 5441
2694 5452
2707 5461
2730 5477
2750 5491
2767 5503
2792 5521
2814 5537
2829 5548
2852 5565
2856 5568
2877 5584
2894 5597
2907 5607
2925 5621
2948 5639
2962 5650
2986 5669
3007 5686
3029 5704
3046 5718
3069 5737
3087 5752
3112 5773
3131 5789
3144 5800
3159 5813
3176 5828
3197 5847
3209 5858
3234 5881
3248 5894
3264 5909
3281 5925
3301 5944
3322 5964
3345 5986
3370 6010
3392 6032
3416 6057
3439 6081
3460 6103
3480 6124
3499 6144
3515 6161
3530 6177
3544 6192
3557 6206
3569 6219
3592 6244
3613 6267
3632 6288
3641 6298
3658 6317
3674 6335
3696 6360
3710 6376
3722 6390
3739 6410
3750 6423
3766 6442
3787 6467
3797 6479
3811 6496
3828 6517
3836 6527
3855 6551
3870 6570
3881 6584
3888 6593
3905 6615
3915 6628
3932 6651
3946 6670
3957 6685
3967 6699
3984 6723
3996 6740
4003 6750
4019 6773
4030 6789
4045 6811
4062 6836
4077 6859
4088 6876
4104 6901
4118 6923
4130 6942
4140 6958
4153 6980
4164 6999
4169 7008
4175 7019
4182 7032
4190 7047
4199 7064
4209 7083
4220 7104
4232 7127
4245 7152
4251 7164
4261 7185
4269 7202
4279 7224
4288 7244
4299 7269
4306 7285
4316 7308
4322 7322
4331 7345
4338 7363
4345 7382
4349 7393
4358 7418
4363 7432
4369 7449
4376 7469
4384 7492
4385 7495
4393 7520
4399 7539
4403 7552
4410 7575
4413 7585
4418 7602
4425 7626
4429 7640
4436 7665
4441 7683
4445 7698
4450 7717
4456 7740
4460 7756
4466 7781
4469 7794
4474 7816
4476 7825
4480 7844
4485 7868
4489 7889
4491 7900
4494 7917
4498 7940
4500 7953
4503 7975
4505 7990
4508 8013
4510 8029
4513 8054
4515 8071
4517 8089
4519 8108
4520 8118
4521 8129
4523 8152
4524 8164
4526 8189
4527 8202
4528 8219
4529 8237
4530 8257
4531 8278
4532 8300
4533 8323
4534 8347
4535 8372
4535 8380
6428 9289
6412 9288
6410 9265
0 0
