500 500
3980 8178
3956 8177
3933 8176
3912 8175
3892 8174
3873 8173
3855 8172
3839 8171
3825 8170
3800 8168
3788 8167
3777 8166
3756 8164
3737 8162
3719 8160
3702 8158
3677 8155
3669 8154
3646 8151
3631 8149
3624 8148
3604 8145
3585 8142
3573 8140
3550 8136
3533 8133
3511 8129
3495 8126
3474 8122
3450 8117
3436 8114
3427 8112
3414 8109
3393 8104
3368 8098
3349 8093
3338 8090
3320 8085
3295 8078
3271 8071
3254 8066
3244 8063
3231 8059
3212 8053
3187 8045
3164 8037
3144 8030
3125 8023
3104 8015
3086 8008
3063 7999
3041 7990
3017 7980
3003 7974
2987 7967
2962 7956
2942 7947
2918 7936
2905 7930
2890 7923
2873 7915
2852 7905
2829 7894
2809 7884
2784 7871
2761 7859
2740 7848
2721 7838
2706 7830
2693 7823
2669 7810
2647 7798
2629 7788
2604 7774
2588 7765
2569 7754
2545 7740
2528 7730
2506 7717
2490 7707
2471 7695
2449 7681
2429 7668
2406 7653
2388 7641
2363 7624
2341 7609
2322 7596
2306 7585
2293 7576
2276 7564
2252 7547
2227 7529
2212 7518
2193 7504
2181 7495
2168 7485
2146 7468
2128 7454
2114 7443
2095 7428
2071 7409
2061 7401
2040 7384
2024 7371
2001 7352
1977 7332
1952 7311
1933 7295
1913 7278
1891 7259
1868 7239
1852 7225
1827 7203
1810 7188
1789 7169
1767 7149
1755 7138
1741 7125
1726 7111
1710 7096
1692 7079
1673 7061
1653 7042
1631 7021
1608 6999
1584 6976
1581 6973
1557 6948
1536 6926
1519 6908
1506 6894
1494 6881
1473 6858
1453 6836
1434 6815
1425 6805
1408 6786
1400 6777
1385 6760
1363 6735
1343 6712
1330 6697
1324 6690
1314 6678
1300 6661
1291 6650
1278 6634
1261 6613
1242 6589
1231 6575
1213 6552
1196 6530
1183 6513
1167 6492
1148 6467
1142 6459
1128 6440
1117 6425
1109 6414
1091 6389
1086 6382
1069 6358
1057 6341
1043 6321
1027 6298
1014 6279
997 6254
995 6251
982 6231
973 6217
960 6196
952 6183
941 6165
927 6142
918 6127
905 6105
895 6088
884 6069
872 6048
859 6025
850 6009
836 5984
826 5966
820 5955
807 5931
800 5918
791 5901
781 5882
770 5861
758 5838
756 5834
744 5809
733 5786
723 5765
715 5748
708 5733
702 5720
691 5696
687 5687
676 5662
669 5646
659 5622
652 5605
643 5583
637 5568
630 5550
625 5537
617 5516
614 5508
607 5489
599 5467
594 5453
588 5436
581 5415
575 5395
570 5378
568 5371
563 5353
557 5331
553 5316
548 5297
543 5276
539 5259
536 5246
531 5224
527 5206
524 5192
519 5168
514 5143
510 5122
508 5111
505 5094
501 5071
498 5053
494 5028
491 5009
488 4987
486 4972
483 4949
482 4941
479 4916
477 4899
476 4889
474 4868
473 4856
472 4842
471 4826
470 4807
469 4786
468 4763
467 4739
466 4714
466 4708
469 4708
494 4709
518 4710
540 4711
561 4712
581 4713
600 4714
614 4715
638 4717
661 4719
683 4721
704 4723
714 4724
733 4726
742 4727
767 4730
782 4732
804 4735
824 4738
843 4741
849 4742
870 4746
884 4749
907 4754
920 4757
945 4763
961 4767
984 4773
1003 4778
1018 4782
1029 4785
1047 4790
1071 4797
1091 4803
1113 4810
1138 4818
1161 4826
1181 4833
1198 4839
1223 4848
1234 4852
1253 4859
1277 4868
1298 4876
1311 4881
1329 4888
1352 4897
1362 4901
1384 4910
1401 4917
1413 4922
1432 4930
1453 4939
1476 4949
1492 4956
1517 4967
1541 4978
1558 4986
1577 4995
1598 5005
1623 5017
1648 5030
1671 5042
1692 5053
1711 5063
1724 5070
1748 5083
1773 5097
1794 5109
1813 5120
1825 5127
1842 5137
1864 5150
1874 5156
1897 5170
1915 5181
1928 5189
1949 5202
1973 5217
1984 5224
2009 5240
2023 5249
2043 5262
2066 5277
2090 5293
2115 5310
2131 5321
2154 5337
2178 5354
2203 5372
2221 5385
2240 5399
2263 5416
2283 5431
2308 5450
2329 5466
2346 5479
2359 5489
2381 5506
2390 5513
2413 5531
2432 5546
2456 5565
2477 5582
2493 5595
2504 5604
2521 5618
2527 5623
2552 5644
2565 5655
2585 5672
2607 5691
2622 5704
2647 5726
2656 5734
2675 5751
2696 5770
2718 5790
2743 5813
2756 5825
2770 5838
2785 5852
2802 5868
2820 5885
2839 5903
2861 5924
2884 5946
2908 5971
2931 5995
2953 6018
2973 6039
2991 6058
3004 6072
3016 6085
3037 6108
3057 6130
3076 6151
3085 6161
3102 6180
3124 6205
3138 6221
3158 6244
3176 6265
3193 6285
3208 6303
3227 6326
3236 6337
3249 6353
3257 6363
3272 6382
3290 6405
3297 6414
3313 6435
3332 6460
3347 6480
3364 6503
3375 6518
3392 6542
3404 6559
3418 6579
3434 6602
3443 6615
3460 6640
3466 6649
3481 6672
3494 6692
3510 6717
3522 6736
3532 6752
3546 6775
3552 6785
3565 6807
3575 6824
3589 6848
3600 6867
3609 6883
3623 6908
3628 6917
3639 6937
3645 6948
3658 6972
3666 6987
3676 7006
3687 7027
3699 7050
3712 7075
3716 7083
3728 7108
3739 7131
3748 7150
3753 7161
3762 7181
3769 7197
3772 7204
3780 7223
3787 7240
3797 7265
3806 7288
3813 7306
3821 7328
3826 7342
3832 7359
3840 7382
3848 7407
3855 7429
3861 7448
3866 7464
3873 7487
3876 7497
3882 7518
3888 7540
3892 7555
3897 7574
3903 7597
3909 7622
3913 7639
3918 7661
3922 7679
3927 7702
3930 7716
3934 7735
3936 7745
3939 7761
3941 7772
3944 7789
3948 7812
3951 7831
3953 7844
3956 7867
3958 7883
3961 7908
3963 7925
3964 7934
3966 7953
3968 7973
3969 7984
3971 8007
3972 8020
3973 8034
3974 8049
3975 8065
3976 8082
3977 8101
3978 8123
3979 8146
3980 8171
8079 8115
8054 8114
8030 8113
8007 8112
7985 8111
7966 8110
7949 8109
7933 8108
7919 8107
7906 8106
7894 8105
7883 8104
7865 8102
7848 8100
7840 8099
7825 8097
7812 8095
7787 8091
7764 8087
7747 8084
7731 8081
7710 8077
7686 8072
7667 8068
7644 8063
7622 8058
7605 8054
7580 8048
7557 8042
7538 8037
7523 8033
7505 8028
7488 8023
7468 8017
7445 8010
7423 8003
7399 7995
7376 7987
7356 7980
7342 7975
7334 7972
7321 7967
7303 7960
7280 7951
7270 7947
7248 7938
7231 7931
7212 7923
7189 7913
7173 7906
7148 7895
7126 7885
7102 7874
7089 7868
7072 7860
7051 7850
7026 7838
7001 7825
6978 7813
6959 7803
6942 7794
6918 7781
6907 7775
6898 7770
6882 7761
6859 7748
6838 7736
6819 7725
6807 7718
6790 7708
6767 7694
6754 7686
6733 7673
6714 7661
6689 7645
6672 7634
6652 7621
6629 7606
6626 7604
6604 7589
6585 7576
6572 7567
6549 7551
6539 7544
6518 7529
6500 7516
6478 7500
6455 7483
6447 7477
6422 7458
6401 7442
6384 7429
6371 7419
6349 7402
6335 7391
6316 7376
6295 7359
6279 7346
6268 7337
6251 7323
6228 7304
6203 7283
6190 7272
6170 7255
6156 7243
6141 7230
6117 7209
6092 7187
6074 7171
6055 7154
6035 7136
6014 7117
5992 7097
5968 7075
5943 7052
5930 7040
5915 7026
5899 7011
5882 6995
5862 6976
5841 6956
5819 6935
5795 6912
5770 6888
5745 6863
5721 6838
5699 6815
5679 6794
5663 6777
5649 6762
5626 6737
5605 6714
5585 6692
5566 6671
5549 6652
5533 6634
5518 6617
5496 6592
5489 6584
5470 6562
5452 6541
5435 6521
5424 6508
5408 6489
5387 6464
5367 6440
5348 6417
5339 6406
5326 6390
5309 6369
5297 6354
5286 6340
5276 6327
5263 6310
5247 6289
5244 6285
5227 6262
5213 6243
5202 6228
5186 6206
5173 6188
5155 6163
5138 6139
5126 6122
5119 6112
5103 6089
5092 6073
5079 6054
5064 6032
5058 6023
5045 6003
5034 5986
5025 5972
5011 5950
4999 5931
4986 5910
4975 5892
4960 5867
4947 5845
4937 5828
4926 5809
4914 5788
4905 5772
4891 5747
4879 5725
4872 5712
4864 5697
4855 5680
4843 5657
4830 5632
4824 5620
4814 5599
4808 5586
4797 5562
4792 5551
4788 5542
4777 5517
4770 5501
4760 5478
4754 5464
4747 5447
4745 5442
4740 5429
4731 5405
4727 5394
4721 5377
4713 5352
4706 5330
4700 5311
4695 5295
4688 5272
4685 5262
4678 5238
4671 5213
4668 5202
4664 5187
4658 5164
4653 5144
4649 5127
4645 5109
4640 5086
4637 5072
4633 5053
4628 5029
4624 5008
4621 4992
4618 4975
4614 4952
4611 4933
4609 4920
4606 4900
4603 4878
4601 4861
4599 4842
4597 4819
4596 4807
4594 4782
4593 4767
4592 4751
4591 4734
4590 4715
4589 4695
4588 4673
4587 4650
4586 4625
4586 4610
4591 4610
4616 4611
4639 4612
4661 4613
4682 4614
4701 4615
4719 4616
4736 4617
4751 4618
4765 4619
4778 4620
4790 4621
4813 4623
4835 4625
4856 4627
4874 4629
4899 4632
4907 4633
4930 4636
4945 4638
4952 4639
4977 4643
4983 4644
5006 4648
5023 4651
5044 4655
5064 4659
5083 4663
5097 4666
5115 4670
5137 4675
5150 4678
5167 4682
5188 4687
5208 4692
5231 4698
5246 4702
5264 4707
5289 4714
5310 4720
5327 4725
5350 4732
5363 4736
5382 4742
5404 4749
5427 4757
5447 4764
5464 4770
5475 4774
5499 4783
5520 4791
5542 4800
5559 4807
5571 4812
5590 4820
5597 4823
5620 4833
5636 4840
5661 4851
5670 4855
5690 4864
5701 4869
5725 4880
5738 4886
5753 4893
5772 4902
5793 4912
5807 4919
5830 4931
5851 4942
5870 4952
5885 4960
5909 4973
5931 4985
5951 4996
5969 5006
5985 5015
6008 5028
6029 5040
6048 5051
6072 5065
6094 5078
6115 5091
6123 5096
6142 5108
6153 5115
6167 5124
6184 5135
6204 5148
6226 5163
6245 5176
6261 5187
6274 5196
6297 5212
6314 5224
6338 5241
6352 5251
6377 5269
6395 5282
6417 5298
6432 5309
6451 5323
6474 5340
6487 5350
6509 5367
6532 5385
6546 5396
6570 5415
6591 5432
6607 5445
6624 5459
6637 5470
6657 5487
6671 5499
6694 5519
6710 5533
6735 5555
6754 5572
6778 5594
6791 5606
6805 5619
6821 5634
6838 5650
6857 5668
6877 5687
6898 5707
6920 5728
6943 5750
6967 5773
6992 5797
7000 5805
7023 5829
7045 5852
7066 5874
7085 5894
7103 5913
7119 5930
7130 5942
7149 5963
7157 5972
7172 5989
7194 6014
7214 6037
7233 6059
7244 6072
7260 6091
7281 6116
7300 6139
7314 6156
7332 6178
7345 6194
7349 6199
7368 6223
7383 6242
7401 6265
7415 6283
7434 6308
7442 6319
7447 6326
7461 6346
7470 6359
7481 6375
7496 6397
7513 6422
7515 6425
7530 6448
7541 6465
7557 6490
7571 6512
7583 6531
7593 6547
7606 6568
7614 6581
7625 6599
7639 6622
7652 6644
7662 6661
7676 6685
7687 6704
7695 6718
7708 6741
7717 6757
7731 6782
7737 6793
7750 6817
7758 6832
7767 6849
7777 6868
7788 6889
7800 6912
7812 6937
7823 6960
7833 6981
7842 7000
7848 7013
7859 7037
7863 7046
7874 7071
7881 7087
7891 7110
7896 7122
7905 7145
7910 7158
7919 7182
7926 7201
7934 7223
7939 7237
7945 7254
7952 7274
7960 7297
7968 7321
7975 7343
7979 7356
7986 7379
7992 7399
7997 7416
8004 7441
8009 7459
8015 7481
8019 7496
8024 7515
8030 7538
8036 7563
8040 7580
8045 7602
8047 7611
8052 7634
8055 7650
8059 7672
8062 7689
8066 7712
8067 7718
8071 7743
8074 7762
8077 7782
8078 7789
8080 7804
8083 7829
8085 7846
8086 7855
8088 7874
8089 7884
8091 7905
8093 7927
8095 7950
8096 7963
8097 7977
8098 7993
8099 8012
8100 8032
8101 8054
8102 8077
8103 8101
8103 8115
0 0
