500 500
6429 3589
6404 3588
6381 3587
6359 3586
6338 3585
6318 3584
6299 3583
6282 3582
6268 3581
6243 3579
6219 3577
6196 3574
6181 3572
6159 3569
6138 3566
6118 3563
6105 3561
6086 3558
6061 3554
6038 3550
6022 3547
6001 3543
5982 3539
5968 3536
5945 3531
5936 3529
5914 3524
5901 3521
5884 3517
5859 3511
5835 3505
5816 3500
5801 3496
5790 3493
5772 3488
5748 3481
5731 3476
5708 3469
5692 3464
5673 3458
5648 3450
5624 3442
5601 3434
5584 3428
5570 3423
5545 3414
5526 3407
5502 3398
5479 3389
5457 3380
5440 3373
5416 3363
5393 3353
5375 3345
5355 3336
5331 3325
5314 3317
5295 3308
5274 3298
5249 3286
5231 3277
5212 3267
5195 3258
5171 3245
5151 3234
5142 3229
5117 3215
5101 3206
5087 3198
5063 3184
5046 3174
5024 3161
5014 3155
4996 3144
4983 3136
4959 3121
4940 3109
4926 3100
4909 3089
4889 3076
4864 3059
4842 3044
4823 3031
4807 3020
4794 3011
4771 2995
4764 2990
4739 2972
4717 2956
4698 2942
4675 2925
4654 2909
4637 2896
4624 2886
4602 2869
4579 2851
4565 2840
4546 2825
4541 2821
4520 2804
4503 2790
4480 2771
4462 2756
4443 2740
4430 2729
4410 2712
4388 2693
4373 2680
4365 2673
4340 2651
4323 2636
4314 2628
4295 2611
4285 2602
4274 2592
4250 2570
4237 2558
4222 2544
4206 2529
4187 2511
4167 2492
4145 2471
4122 2449
4097 2425
4094 2422
4071 2398
4049 2375
4031 2356
4014 2338
3998 2321
3983 2305
3969 2290
3957 2277
3934 2252
3915 2231
3898 2212
3883 2195
3861 2170
3841 2147
3828 2132
3809 2110
3803 2103
3787 2084
3777 2072
3758 2049
3745 2033
3733 2018
3718 1999
3707 1985
3690 1963
3680 1950
3667 1933
3655 1917
3638 1894
3627 1879
3619 1868
3606 1850
3588 1825
3581 1815
3572 1802
3561 1786
3548 1767
3531 1742
3516 1719
3503 1699
3494 1685
3478 1660
3471 1649
3459 1630
3444 1606
3436 1593
3425 1575
3412 1553
3402 1536
3388 1512
3380 1498
3371 1482
3357 1457
3347 1439
3336 1419
3330 1408
3317 1384
3309 1369
3300 1352
3290 1333
3278 1310
3272 1298
3260 1273
3250 1252
3241 1233
3233 1216
3226 1201
3216 1179
3207 1159
3203 1150
3192 1125
3182 1102
3174 1083
3167 1066
3158 1044
3148 1019
3140 998
3133 979
3129 968
3120 943
3115 929
3109 912
3102 892
3095 871
3087 846
3081 827
3076 811
3069 788
3066 778
3059 753
3053 731
3049 716
3043 693
3037 669
3031 644
3026 623
3022 606
3019 593
3016 579
3012 560
3008 540
3004 518
3001 501
2997 476
2994 456
2992 442
2989 420
2987 405
2985 389
2982 364
2980 345
2978 324
2976 302
2974 279
2973 267
2972 254
2971 240
2970 225
2969 209
2968 192
2967 173
2966 152
2965 130
2964 107
2963 83
2962 58
2962 46
2977 46
3002 47
3026 48
3049 49
3071 50
3091 51
3110 52
3127 53
3143 54
3158 55
3172 56
3185 57
3209 59
3220 60
3241 62
3261 64
3278 66
3303 69
3319 71
3342 74
3357 76
3364 77
3389 81
3401 83
3424 87
3441 90
3461 94
3485 99
3504 103
3527 108
3544 112
3569 118
3592 124
3611 129
3626 133
3651 140
3665 144
3689 151
3706 156
3716 159
3739 166
3752 170
3777 179
3785 182
3798 187
3821 196
3838 203
3850 208
3873 218
3889 225
3907 233
3918 238
3942 249
3955 255
3972 263
3991 272
4012 282
4037 294
4062 307
4085 319
4106 330
4123 339
4138 347
4151 354
4175 367
4195 378
4204 383
4229 397
4252 410
4269 420
4291 433
4301 439
4324 453
4342 464
4355 472
4379 487
4393 496
4413 509
4438 526
4457 539
4470 548
4493 564
4517 581
4542 599
4564 615
4579 626
4604 645
4625 661
4642 674
4664 691
4682 705
4705 723
4719 734
4738 749
4762 768
4787 788
4803 801
4825 819
4848 838
4854 843
4879 864
4892 875
4912 892
4933 910
4957 931
4982 953
5000 969
5019 986
5039 1004
5060 1023
5071 1033
5094 1054
5107 1066
5122 1080
5139 1096
5157 1113
5176 1131
5198 1152
5221 1174
5246 1198
5254 1206
5275 1228
5295 1249
5314 1269
5332 1288
5349 1306
5365 1323
5380 1339
5393 1353
5416 1378
5438 1402
5459 1425
5469 1436
5478 1446
5495 1465
5503 1474
5525 1499
5538 1514
5555 1534
5576 1559
5581 1565
5600 1588
5614 1605
5632 1627
5648 1647
5667 1671
5685 1694
5699 1712
5716 1734
5732 1755
5747 1775
5764 1798
5778 1817
5786 1828
5804 1853
5819 1874
5836 1898
5848 1915
5862 1935
5873 1951
5890 1976
5905 1999
5918 2019
5929 2036
5938 2050
5954 2075
5962 2088
5973 2106
5987 2129
5999 2149
6012 2171
6023 2190
6035 2211
6048 2234
6057 2250
6071 2275
6076 2284
6087 2304
6093 2315
6106 2339
6115 2356
6126 2377
6139 2402
6140 2404
6152 2429
6163 2452
6171 2469
6177 2482
6188 2506
6197 2526
6205 2544
6215 2567
6218 2574
6228 2598
6237 2620
6243 2636
6250 2655
6258 2677
6267 2702
6272 2716
6278 2733
6285 2753
6287 2759
6294 2781
6299 2797
6303 2810
6310 2833
6313 2843
6318 2860
6325 2885
6330 2903
6336 2925
6340 2940
6346 2963
6348 2971
6354 2996
6359 3017
6363 3034
6366 3047
6371 3069
6376 3092
6379 3106
6383 3125
6387 3145
6390 3161
6394 3183
6398 3206
6399 3212
6403 3237
6406 3256
6408 3269
6411 3290
6414 3312
6417 3335
6418 3344
6420 3365
6421 3376
6423 3400
6424 3413
6425 3428
6426 3444
6427 3461
6428 3479
6429 3498
6430 3521
6431 3545
6432 3570
6432 3589
7438 8085
7413 8084
7391 8083
7370 8082
7350 8081
7331 8080
7313 8079
7296 8078
7280 8077
7265 8076
7251 8075
7226 8073
7203 8071
7192 8070
7171 8068
7152 8066
7144 8065
7121 8062
7106 8060
7084 8057
7077 8056
7057 8053
7044 8051
7020 8047
6997 8043
6980 8040
6964 8037
6943 8033
6938 8032
6914 8027
6900 8024
6877 8019
6864 8016
6843 8011
6818 8005
6806 8002
6791 7998
6773 7993
6749 7986
6732 7981
6719 7977
6697 7970
6672 7962
6652 7955
6638 7950
6613 7941
6591 7933
6570 7925
6557 7920
6539 7913
6516 7904
6511 7902
6489 7893
6470 7885
6447 7875
6422 7864
6413 7860
6402 7855
6378 7844
6365 7838
6344 7828
6319 7816
6303 7808
6280 7796
6259 7785
6240 7775
6223 7766
6208 7758
6195 7751
6171 7738
6160 7732
6151 7727
6135 7718
6112 7705
6105 7701
6081 7687
6064 7677
6039 7662
6016 7648
6003 7640
5982 7627
5958 7612
5939 7600
5917 7586
5892 7570
5872 7557
5849 7542
5828 7528
5803 7511
5781 7496
5762 7483
5749 7474
5739 7467
5722 7455
5700 7439
5681 7425
5658 7408
5642 7396
5621 7380
5604 7367
5586 7353
5563 7335
5544 7320
5520 7301
5504 7288
5481 7269
5461 7252
5439 7233
5424 7220
5399 7198
5390 7190
5371 7173
5350 7154
5327 7133
5303 7111
5278 7088
5265 7076
5251 7063
5234 7047
5213 7027
5190 7005
5166 6982
5148 6964
5124 6939
5102 6916
5081 6894
5063 6875
5047 6858
5032 6842
5018 6827
5005 6813
4993 6800
4982 6788
4961 6765
4941 6743
4922 6722
4913 6712
4896 6693
4880 6675
4865 6658
4852 6643
4833 6621
4815 6600
4798 6580
4782 6561
4761 6536
4746 6518
4727 6495
4712 6476
4701 6462
4683 6439
4666 6417
4653 6400
4637 6379
4631 6371
4617 6352
4606 6337
4598 6326
4585 6308
4568 6284
4556 6267
4549 6257
4533 6234
4518 6212
4501 6187
4486 6164
4475 6147
4466 6133
4459 6122
4447 6103
4442 6095
4429 6074
4421 6061
4410 6043
4397 6021
4387 6004
4376 5985
4371 5976
4360 5956
4354 5945
4347 5932
4339 5917
4330 5900
4320 5881
4309 5860
4302 5846
4290 5821
4279 5798
4269 5777
4262 5762
4251 5738
4246 5727
4238 5709
4227 5684
4220 5668
4212 5649
4203 5627
4193 5602
4186 5584
4178 5563
4175 5555
4168 5536
4160 5514
4151 5489
4145 5472
4138 5452
4130 5429
4122 5404
4115 5382
4109 5363
4105 5350
4099 5330
4092 5305
4087 5287
4083 5272
4078 5253
4072 5230
4066 5205
4061 5184
4057 5167
4054 5154
4049 5132
4047 5123
4042 5100
4039 5086
4035 5067
4030 5043
4027 5028
4023 5007
4021 4996
4018 4979
4014 4956
4012 4944
4008 4919
4005 4899
4004 4892
4001 4867
3999 4850
3997 4831
3996 4821
3994 4800
3993 4789
3991 4766
3989 4742
3987 4717
3986 4704
3985 4686
3984 4666
3983 4645
3982 4622
3981 4598
3980 4573
4005 4574
4029 4575
4052 4576
4074 4577
4095 4578
4115 4579
4133 4580
4147 4581
4160 4582
4185 4584
4197 4585
4208 4586
4229 4588
4239 4589
4258 4591
4276 4593
4301 4596
4325 4599
4348 4602
4363 4604
4383 4607
4396 4609
4415 4612
4440 4616
4446 4617
4463 4620
4479 4623
4500 4627
4505 4628
4529 4633
4552 4638
4561 4640
4574 4643
4591 4647
4595 4648
4618 4654
4633 4658
4651 4663
4676 4670
4700 4677
4717 4682
4740 4689
4756 4694
4775 4700
4797 4707
4820 4715
4837 4721
4862 4730
4881 4737
4902 4745
4920 4752
4942 4761
4966 4771
4987 4780
5010 4790
5030 4799
5052 4809
5076 4820
5099 4831
5124 4843
5149 4856
5166 4865
5181 4873
5194 4880
5216 4892
5236 4903
5250 4911
5262 4918
5284 4931
5307 4945
5320 4953
5341 4966
5349 4971
5366 4982
5386 4995
5407 5009
5432 5026
5454 5041
5473 5054
5496 5070
5506 5077
5523 5089
5547 5106
5572 5124
5591 5138
5607 5150
5632 5169
5653 5185
5670 5198
5683 5208
5705 5225
5723 5239
5737 5250
5761 5269
5782 5286
5798 5299
5809 5308
5829 5325
5844 5338
5867 5358
5892 5380
5909 5395
5918 5403
5928 5412
5949 5431
5973 5453
5998 5476
6011 5488
6025 5501
6040 5515
6059 5533
6080 5553
6103 5575
6127 5598
6151 5623
6174 5647
6196 5670
6217 5692
6237 5713
6256 5733
6274 5752
6290 5769
6304 5784
6317 5798
6329 5811
6352 5836
6371 5857
6388 5876
6404 5894
6419 5911
6441 5936
6462 5960
6482 5983
6495 5998
6514 6020
6526 6034
6543 6054
6554 6067
6570 6086
6591 6111
6611 6135
6630 6158
6644 6175
6653 6186
6666 6202
6683 6223
6691 6233
6710 6257
6721 6271
6739 6294
6746 6303
6756 6316
6769 6333
6786 6356
6800 6375
6811 6390
6824 6408
6842 6433
6859 6457
6871 6474
6880 6487
6891 6503
6904 6522
6921 6547
6935 6568
6948 6588
6957 6602
6973 6627
6985 6646
7000 6670
7013 6691
7021 6704
7035 6727
7050 6752
7057 6764
7070 6787
7084 6812
7089 6821
7095 6832
7102 6845
7110 6860
7119 6877
7130 6898
7142 6921
7155 6946
7166 6969
7173 6984
7183 7006
7192 7026
7200 7044
7211 7069
7218 7085
7224 7099
7232 7118
7237 7130
7246 7152
7254 7172
7261 7190
7266 7203
7274 7224
7281 7243
7289 7265
7294 7279
7300 7296
7306 7314
7313 7336
7318 7352
7322 7365
7329 7388
7334 7405
7341 7429
7343 7436
7348 7454
7354 7476
7358 7491
7363 7510
7369 7533
7371 7541
7377 7566
7380 7579
7385 7602
7389 7621
7394 7645
7398 7666
7400 7677
7404 7700
7405 7706
7409 7731
7411 7744
7414 7764
7417 7786
7419 7801
7420 7809
7422 7827
7424 7846
7426 7866
7428 7887
7430 7909
7432 7932
7434 7956
7436 7981
7437 7994
7438 8008
7439 8024
7440 8041
7441 8060
7442 8081
7442 8085
0 0
