500 500
6708 3605
6683 3604
6659 3603
6636 3602
6614 3601
6595 3600
6577 3599
6560 3598
6545 3597
6520 3595
6497 3593
6477 3591
6458 3589
6449 3588
6424 3585
6408 3583
6385 3580
6370 3578
6348 3575
6327 3572
6307 3569
6294 3567
6275 3564
6250 3560
6232 3557
6209 3553
6193 3550
6178 3547
6164 3544
6146 3540
6124 3535
6100 3529
6077 3523
6058 3518
6043 3514
6032 3511
6014 3506
5990 3499
5980 3496
5957 3489
5938 3483
5916 3476
5891 3468
5870 3461
5850 3454
5833 3448
5808 3439
5786 3431
5773 3426
5750 3417
5745 3415
5728 3408
5714 3402
5691 3392
5666 3381
5657 3377
5635 3367
5618 3359
5597 3349
5574 3338
5549 3326
5527 3315
5502 3302
5479 3290
5462 3281
5438 3268
5427 3262
5407 3251
5398 3246
5382 3237
5359 3224
5345 3216
5321 3202
5304 3192
5284 3180
5266 3169
5245 3156
5234 3149
5220 3140
5203 3129
5183 3116
5160 3101
5145 3091
5120 3074
5098 3059
5082 3048
5069 3039
5046 3023
5026 3009
5002 2992
4981 2977
4956 2959
4938 2946
4916 2930
4897 2916
4874 2899
4849 2880
4828 2864
4815 2854
4793 2837
4775 2823
4752 2805
4733 2790
4709 2771
4694 2759
4678 2746
4667 2737
4650 2723
4644 2718
4619 2697
4606 2686
4592 2674
4570 2655
4555 2642
4532 2622
4508 2601
4483 2579
4463 2561
4442 2542
4431 2532
4408 2511
4384 2489
4359 2466
4346 2454
4332 2441
4317 2427
4301 2412
4284 2396
4263 2376
4241 2355
4218 2333
4194 2310
4170 2285
4147 2261
4126 2239
4106 2218
4087 2198
4070 2180
4056 2165
4043 2151
4031 2138
4020 2126
4001 2105
3983 2085
3967 2067
3960 2059
3947 2044
3929 2023
3912 2003
3901 1990
3885 1971
3864 1946
3859 1940
3845 1923
3827 1901
3819 1891
3809 1878
3793 1857
3782 1842
3766 1820
3748 1795
3743 1788
3726 1764
3712 1744
3696 1721
3687 1708
3676 1692
3661 1670
3644 1645
3629 1622
3616 1602
3600 1577
3588 1558
3583 1550
3575 1537
3564 1519
3550 1496
3540 1479
3533 1467
3522 1448
3510 1427
3497 1404
3488 1388
3474 1363
3461 1339
3454 1326
3446 1311
3435 1290
3423 1267
3412 1244
3403 1225
3395 1208
3388 1193
3382 1180
3373 1160
3366 1144
3360 1130
3352 1111
3343 1089
3334 1066
3327 1048
3322 1035
3314 1014
3310 1003
3301 978
3296 964
3289 944
3281 921
3274 899
3268 880
3263 864
3259 851
3252 828
3249 818
3242 794
3236 773
3229 748
3224 730
3218 708
3214 693
3209 674
3203 651
3198 631
3193 610
3189 593
3186 580
3181 558
3179 549
3175 530
3172 515
3168 494
3165 478
3162 461
3159 443
3157 430
3154 410
3151 388
3149 373
3146 350
3144 334
3141 309
3139 292
3138 283
3136 264
3134 241
3133 228
3132 214
3131 197
3130 178
3129 158
3128 136
3127 113
3128 113
3152 114
3175 115
3197 116
3217 117
3236 118
3254 119
3270 120
3285 121
3299 122
3312 123
3337 125
3357 127
3376 129
3385 130
3402 132
3427 135
3435 136
3450 138
3475 142
3498 146
3520 150
3536 153
3557 157
3581 162
3600 166
3609 168
3622 171
3643 176
3668 182
3684 186
3707 192
3726 197
3741 201
3752 204
3777 211
3801 218
3824 225
3843 231
3866 239
3886 246
3903 252
3925 260
3944 267
3960 273
3981 281
3994 286
4017 295
4032 301
4054 310
4071 317
4087 324
4112 335
4132 344
4143 349
4156 355
4171 362
4188 370
4207 379
4228 389
4251 400
4275 412
4300 425
4323 437
4344 448
4361 457
4374 464
4394 475
4419 489
4435 498
4458 511
4479 523
4498 534
4510 541
4527 551
4552 566
4575 580
4593 591
4614 604
4633 616
4644 623
4658 632
4675 643
4699 659
4724 676
4746 691
4765 704
4778 713
4801 729
4825 746
4832 751
4847 762
4866 776
4889 793
4901 802
4926 821
4947 837
4960 847
4978 861
5001 879
5015 890
5034 905
5055 922
5071 935
5093 953
5116 972
5128 982
5153 1003
5172 1019
5185 1030
5205 1047
5227 1066
5251 1087
5276 1109
5293 1124
5302 1132
5321 1149
5341 1167
5362 1186
5384 1206
5408 1228
5433 1251
5446 1263
5460 1276
5475 1290
5493 1307
5512 1325
5533 1345
5555 1366
5578 1388
5594 1404
5618 1429
5640 1452
5660 1473
5679 1493
5697 1512
5714 1530
5730 1547
5744 1562
5757 1576
5769 1589
5792 1614
5813 1637
5833 1659
5852 1680
5869 1699
5877 1708
5898 1732
5911 1747
5930 1769
5941 1782
5946 1788
5965 1811
5974 1822
5991 1843
6006 1862
6017 1876
6035 1899
6045 1912
6058 1929
6077 1954
6092 1974
6106 1993
6119 2011
6136 2035
6148 2052
6162 2072
6171 2085
6184 2104
6199 2126
6215 2150
6230 2173
6243 2193
6259 2218
6271 2237
6276 2245
6289 2266
6297 2279
6308 2297
6322 2320
6337 2345
6350 2367
6357 2379
6368 2398
6372 2405
6386 2430
6391 2439
6402 2459
6414 2481
6423 2498
6434 2519
6446 2542
6459 2567
6470 2589
6481 2612
6491 2633
6500 2652
6507 2667
6513 2680
6524 2704
6533 2724
6539 2738
6547 2757
6554 2775
6562 2796
6571 2821
6576 2835
6582 2852
6590 2875
6598 2900
6605 2922
6610 2938
6617 2961
6620 2971
6625 2988
6632 3012
6637 3031
6643 3054
6644 3058
6648 3075
6653 3097
6658 3120
6663 3144
6666 3159
6670 3180
6673 3196
6677 3218
6680 3235
6684 3258
6686 3270
6690 3295
6693 3314
6695 3327
6698 3347
6699 3354
6702 3377
6703 3385
6705 3404
6707 3425
6709 3448
6710 3460
6711 3475
6712 3494
6713 3515
6714 3537
6715 3560
6716 3584
6716 3605
9541 6206
9516 6205
9492 6204
9470 6203
9452 6202
9435 6201
9420 6200
9407 6199
9384 6197
9363 6195
9353 6194
9334 6192
9316 6190
9291 6187
9268 6184
9253 6182
9232 6179
9212 6176
9199 6174
9174 6170
9156 6167
9139 6164
9117 6160
9101 6157
9080 6153
9075 6152
9051 6147
9042 6145
9020 6140
9007 6137
8986 6132
8961 6126
8941 6121
8919 6115
8894 6108
8870 6101
8853 6096
8843 6093
8830 6089
8814 6084
8795 6078
8770 6070
8761 6067
8741 6060
8727 6055
8702 6046
8680 6038
8661 6031
8645 6025
8624 6017
8611 6012
8589 6003
8572 5996
8548 5986
8529 5978
8522 5975
8506 5968
8497 5964
8484 5958
8467 5950
8448 5941
8427 5931
8404 5920
8400 5918
8375 5905
8352 5893
8331 5882
8314 5873
8290 5860
8279 5854
8259 5843
8241 5833
8216 5819
8193 5806
8174 5795
8152 5782
8142 5776
8119 5762
8101 5751
8077 5736
8058 5724
8033 5708
8016 5697
7993 5682
7990 5680
7968 5665
7955 5656
7932 5640
7912 5626
7895 5614
7871 5597
7850 5582
7825 5564
7803 5548
7788 5537
7769 5523
7746 5506
7721 5487
7700 5471
7683 5458
7670 5448
7648 5431
7634 5420
7615 5405
7590 5385
7569 5368
7553 5355
7536 5341
7530 5336
7505 5315
7492 5304
7472 5287
7465 5281
7443 5262
7418 5240
7400 5224
7379 5205
7356 5184
7331 5161
7318 5149
7301 5133
7281 5114
7259 5093
7236 5071
7212 5048
7210 5046
7188 5023
7167 5001
7147 4980
7128 4960
7110 4941
7093 4923
7079 4908
7067 4895
7056 4883
7046 4872
7027 4851
7009 4831
6993 4813
6978 4796
6956 4771
6935 4747
6915 4724
6902 4709
6885 4689
6869 4670
6848 4645
6833 4627
6815 4605
6802 4589
6785 4568
6773 4553
6754 4529
6739 4510
6728 4496
6710 4473
6694 4452
6675 4427
6669 4419
6655 4400
6637 4375
6620 4351
6606 4331
6590 4308
6581 4295
6570 4279
6555 4257
6542 4237
6526 4212
6519 4201
6507 4182
6492 4158
6484 4145
6473 4127
6459 4103
6448 4084
6435 4061
6426 4045
6421 4036
6413 4021
6404 4004
6393 3983
6380 3958
6375 3948
6363 3923
6352 3900
6345 3885
6339 3872
6328 3848
6323 3837
6319 3828
6309 3805
6306 3798
6298 3779
6293 3767
6287 3752
6278 3729
6273 3716
6265 3695
6262 3687
6254 3665
6248 3648
6241 3628
6233 3605
6225 3581
6218 3559
6212 3540
6207 3524
6200 3501
6194 3481
6187 3456
6182 3438
6179 3427
6175 3412
6170 3393
6164 3370
6158 3345
6153 3324
6150 3311
6145 3289
6143 3280
6138 3257
6134 3238
6129 3214
6126 3198
6124 3187
6122 3175
6118 3150
6115 3131
6113 3118
6110 3098
6109 3091
6106 3069
6103 3044
6101 3027
6099 3008
6097 2988
6095 2967
6093 2945
6091 2922
6089 2898
6087 2873
6086 2857
6085 2840
6084 2820
6083 2799
6082 2777
6081 2754
6080 2730
6079 2705
6079 2694
6100 2695
6120 2696
6139 2697
6156 2698
6170 2699
6183 2700
6195 2701
6217 2703
6238 2705
6248 2706
6267 2708
6276 2709
6293 2711
6318 2714
6334 2716
6349 2718
6371 2721
6385 2723
6405 2726
6418 2728
6437 2731
6460 2735
6471 2737
6490 2741
6504 2744
6527 2749
6536 2751
6549 2754
6570 2759
6595 2765
6607 2768
6626 2773
6644 2778
6665 2784
6689 2791
6699 2794
6722 2801
6735 2805
6751 2810
6776 2818
6793 2824
6807 2829
6832 2838
6843 2842
6862 2849
6878 2855
6899 2863
6912 2868
6936 2878
6955 2886
6969 2892
6985 2899
7007 2909
7031 2920
7048 2928
7069 2938
7092 2949
7106 2956
7131 2969
7154 2981
7175 2992
7190 3000
7203 3007
7227 3020
7247 3031
7256 3036
7281 3050
7297 3059
7320 3072
7339 3083
7361 3096
7374 3104
7395 3117
7411 3127
7430 3139
7452 3153
7477 3169
7494 3180
7517 3195
7535 3207
7560 3224
7576 3235
7589 3244
7606 3256
7627 3271
7652 3289
7670 3302
7692 3318
7707 3329
7726 3343
7749 3360
7761 3369
7782 3385
7799 3398
7812 3408
7834 3425
7857 3443
7871 3454
7895 3473
7900 3477
7921 3494
7938 3508
7961 3527
7986 3548
7999 3559
8020 3577
8035 3590
8058 3610
8078 3628
8099 3647
8122 3668
8135 3680
8149 3693
8164 3707
8180 3722
8197 3738
8215 3755
8234 3773
8254 3792
8275 3812
8297 3833
8320 3855
8344 3878
8369 3902
8393 3927
8415 3950
8436 3972
8456 3993
8473 4011
8489 4028
8502 4042
8514 4055
8536 4079
8557 4102
8566 4112
8583 4131
8599 4149
8614 4166
8636 4191
8657 4215
8670 4230
8689 4252
8701 4266
8712 4279
8728 4298
8749 4323
8769 4347
8788 4370
8802 4387
8815 4403
8832 4424
8851 4448
8866 4467
8877 4481
8891 4499
8908 4521
8918 4534
8933 4554
8950 4577
8964 4596
8975 4611
8991 4633
9004 4651
9022 4676
9037 4697
9054 4721
9068 4741
9077 4754
9088 4770
9092 4776
9103 4793
9112 4807
9119 4818
9131 4837
9136 4845
9144 4858
9155 4876
9169 4899
9181 4919
9192 4938
9201 4954
9215 4979
9226 4999
9232 5010
9240 5025
9249 5042
9261 5065
9269 5081
9281 5106
9289 5123
9296 5138
9302 5151
9313 5175
9322 5195
9326 5204
9337 5229
9347 5252
9355 5271
9360 5283
9369 5305
9376 5323
9381 5336
9389 5357
9395 5373
9399 5384
9408 5409
9413 5423
9420 5443
9421 5446
9428 5468
9434 5487
9439 5503
9446 5526
9449 5536
9454 5553
9456 5560
9462 5582
9466 5597
9472 5622
9476 5639
9479 5652
9484 5674
9489 5697
9492 5711
9496 5730
9500 5750
9504 5771
9506 5782
9510 5805
9514 5830
9516 5843
9519 5863
9522 5884
9525 5906
9528 5929
9531 5953
9533 5971
9535 5992
9536 6003
9538 6026
9539 6041
9540 6058
9541 6076
9542 6095
9543 6115
9544 6136
9545 6158
9546 6181
9547 6206
0 0
