500 500
6613 7419
6588 7418
6564 7417
6541 7416
6519 7415
6498 7414
6478 7413
6459 7412
6443 7411
6430 7410
6405 7408
6381 7406
6360 7404
6340 7402
6321 7400
6304 7398
6280 7395
6265 7393
6243 7390
6230 7388
6211 7385
6194 7382
6172 7378
6156 7375
6135 7371
6125 7369
6101 7364
6087 7361
6064 7356
6055 7354
6042 7351
6021 7346
6005 7342
5982 7336
5963 7331
5941 7325
5923 7320
5898 7313
5891 7311
5867 7304
5850 7299
5840 7296
5817 7289
5804 7285
5785 7279
5760 7271
5754 7269
5731 7261
5714 7255
5700 7250
5675 7241
5664 7237
5645 7230
5624 7222
5611 7217
5593 7210
5583 7206
5571 7201
5552 7193
5538 7187
5515 7177
5500 7170
5483 7162
5464 7153
5443 7143
5420 7132
5395 7120
5389 7117
5366 7105
5345 7094
5328 7085
5315 7078
5291 7065
5269 7053
5249 7042
5231 7032
5215 7023
5192 7010
5168 6996
5143 6981
5120 6967
5102 6956
5089 6948
5064 6932
5050 6923
5030 6910
5007 6895
4982 6878
4960 6863
4941 6850
4928 6841
4908 6827
4891 6815
4866 6797
4848 6784
4833 6773
4814 6759
4791 6742
4770 6726
4753 6713
4744 6706
4721 6688
4702 6673
4678 6654
4656 6636
4633 6617
4620 6606
4600 6589
4577 6569
4552 6547
4535 6532
4526 6524
4507 6507
4497 6498
4476 6479
4465 6469
4442 6448
4417 6425
4403 6412
4388 6398
4368 6379
4346 6358
4322 6335
4297 6311
4278 6292
4255 6268
4233 6245
4212 6223
4192 6202
4173 6182
4155 6163
4139 6146
4125 6131
4112 6117
4100 6104
4077 6079
4056 6056
4036 6034
4027 6024
4005 5999
3998 5991
3978 5968
3959 5946
3942 5926
3931 5913
3910 5888
3890 5864
3871 5841
3853 5819
3840 5803
3829 5789
3811 5766
3797 5748
3780 5726
3770 5713
3757 5696
3741 5675
3722 5650
3708 5631
3695 5613
3677 5588
3667 5574
3650 5550
3643 5540
3634 5527
3623 5511
3610 5492
3593 5467
3583 5452
3568 5429
3559 5415
3543 5390
3536 5379
3524 5360
3511 5339
3503 5326
3497 5316
3484 5294
3474 5277
3467 5265
3456 5246
3448 5232
3443 5223
3432 5203
3426 5192
3416 5173
3404 5150
3391 5125
3380 5103
3369 5080
3359 5059
3352 5044
3341 5020
3331 4998
3322 4978
3315 4962
3305 4939
3296 4918
3289 4901
3280 4879
3275 4866
3267 4845
3264 4837
3257 4818
3248 4793
3242 4776
3235 4756
3230 4741
3222 4716
3218 4703
3211 4680
3206 4663
3199 4639
3192 4614
3188 4599
3182 4574
3177 4553
3173 4536
3168 4514
3163 4491
3160 4477
3156 4458
3151 4434
3147 4413
3144 4397
3142 4386
3138 4363
3134 4339
3131 4320
3129 4307
3126 4287
3124 4272
3121 4249
3118 4224
3116 4207
3114 4189
3112 4170
3110 4149
3108 4127
3106 4103
3104 4078
3103 4064
3102 4049
3101 4032
3100 4014
3099 3994
3098 3972
3097 3948
3096 3923
3118 3923
3141 3924
3162 3925
3180 3926
3197 3927
3213 3928
3227 3929
3240 3930
3265 3932
3277 3933
3300 3935
3311 3936
3332 3938
3352 3940
3371 3942
3380 3943
3397 3945
3422 3948
3446 3951
3466 3954
3485 3957
3510 3961
3527 3964
3538 3966
3559 3970
3584 3975
3608 3980
3627 3984
3649 3989
3666 3993
3687 3998
3712 4004
3728 4008
3751 4014
3770 4019
3785 4023
3810 4030
3817 4032
3841 4039
3861 4045
3884 4052
3900 4057
3919 4063
3925 4065
3948 4073
3968 4080
3985 4086
3999 4091
4018 4098
4026 4101
4039 4106
4062 4115
4079 4122
4091 4127
4110 4135
4131 4144
4154 4154
4178 4165
4193 4172
4210 4180
4231 4190
4254 4201
4279 4213
4301 4224
4326 4237
4349 4249
4370 4260
4389 4270
4406 4279
4421 4287
4443 4299
4461 4309
4486 4323
4493 4327
4512 4338
4524 4345
4541 4355
4551 4361
4574 4375
4592 4386
4605 4394
4626 4407
4634 4412
4653 4424
4678 4440
4695 4451
4715 4464
4738 4479
4741 4481
4763 4496
4779 4507
4789 4514
4813 4531
4834 4546
4845 4554
4860 4565
4879 4579
4902 4596
4922 4611
4947 4630
4969 4647
4978 4654
5001 4672
5025 4691
5047 4709
5064 4723
5087 4742
5112 4763
5125 4774
5145 4791
5166 4809
5188 4828
5203 4841
5219 4855
5236 4870
5254 4886
5273 4903
5294 4922
5316 4942
5328 4953
5353 4976
5366 4988
5382 5003
5399 5019
5419 5038
5440 5058
5462 5079
5486 5102
5510 5127
5533 5151
5555 5174
5571 5191
5586 5207
5600 5222
5613 5236
5636 5261
5658 5285
5678 5307
5697 5328
5715 5348
5732 5367
5740 5376
5755 5393
5776 5417
5796 5440
5814 5461
5830 5480
5850 5504
5869 5527
5883 5544
5896 5560
5913 5581
5928 5600
5939 5614
5957 5637
5971 5655
5981 5668
5997 5689
6000 5693
6017 5716
6028 5731
6041 5749
6056 5770
6065 5783
6080 5805
6097 5830
6112 5853
6128 5878
6135 5889
6145 5905
6153 5918
6164 5936
6178 5959
6188 5976
6202 6000
6213 6019
6226 6042
6240 6067
6251 6087
6257 6098
6264 6111
6274 6130
6285 6151
6297 6174
6310 6199
6315 6209
6326 6232
6335 6251
6343 6268
6350 6283
6356 6296
6364 6314
6371 6330
6381 6353
6388 6370
6397 6392
6407 6417
6416 6440
6424 6461
6427 6469
6434 6488
6443 6513
6448 6527
6454 6544
6461 6564
6469 6587
6476 6608
6484 6633
6491 6655
6496 6671
6500 6684
6507 6707
6510 6717
6515 6734
6522 6758
6528 6779
6534 6801
6538 6816
6543 6835
6549 6858
6554 6878
6560 6903
6564 6920
6567 6933
6572 6956
6576 6975
6579 6990
6583 7011
6584 7017
6588 7042
6591 7061
6592 7068
6595 7090
6598 7114
6600 7131
6602 7149
6604 7168
6606 7189
6607 7200
6608 7212
6609 7225
6610 7239
6611 7254
6612 7271
6613 7289
6614 7308
6615 7328
6616 7349
6617 7371
6618 7394
6619 7419
7713 6310
7688 6309
7666 6308
7647 6307
7630 6306
7614 6305
7599 6304
7587 6303
7564 6301
7544 6299
7525 6297
7508 6295
7485 6292
7470 6290
7448 6287
7434 6285
7415 6282
7390 6278
7367 6274
7350 6271
7328 6267
7307 6263
7292 6260
7273 6256
7259 6253
7236 6248
7227 6246
7205 6241
7184 6236
7159 6230
7140 6225
7118 6219
7100 6214
7075 6207
7068 6205
7051 6200
7028 6193
7009 6187
6987 6180
6981 6178
6958 6170
6941 6164
6927 6159
6905 6151
6886 6144
6865 6136
6842 6127
6837 6125
6820 6118
6808 6113
6801 6110
6778 6100
6762 6093
6737 6082
6717 6073
6693 6062
6680 6056
6665 6049
6648 6041
6629 6032
6608 6022
6585 6011
6575 6006
6550 5993
6527 5981
6508 5971
6491 5962
6478 5955
6467 5949
6442 5935
6421 5923
6402 5912
6385 5902
6363 5889
6358 5886
6340 5875
6327 5867
6306 5854
6282 5839
6263 5827
6246 5816
6226 5803
6203 5788
6200 5786
6175 5769
6156 5756
6133 5740
6123 5733
6106 5721
6099 5716
6081 5703
6059 5687
6034 5668
6017 5655
6004 5645
5995 5638
5972 5620
5958 5609
5934 5590
5924 5582
5908 5569
5886 5551
5869 5537
5846 5518
5840 5513
5821 5497
5801 5480
5794 5474
5772 5455
5757 5442
5734 5422
5709 5400
5700 5392
5690 5383
5669 5364
5646 5343
5622 5321
5597 5298
5583 5285
5567 5270
5550 5254
5532 5237
5513 5219
5493 5200
5472 5180
5462 5170
5438 5145
5418 5124
5400 5105
5385 5089
5371 5074
5358 5060
5347 5048
5326 5025
5307 5004
5291 4986
5276 4969
5254 4944
5240 4928
5220 4905
5207 4890
5201 4883
5184 4863
5173 4850
5157 4831
5136 4806
5121 4788
5102 4765
5089 4749
5081 4739
5062 4715
5047 4696
5036 4682
5029 4673
5012 4651
4996 4630
4977 4605
4962 4585
4945 4562
4931 4543
4923 4532
4910 4514
4892 4489
4880 4472
4867 4453
4857 4438
4844 4418
4833 4401
4817 4376
4805 4357
4792 4336
4781 4318
4767 4295
4754 4273
4744 4256
4730 4232
4726 4225
4713 4202
4699 4177
4689 4159
4678 4139
4672 4128
4665 4115
4656 4098
4645 4077
4633 4054
4620 4029
4618 4025
4606 4000
4595 3977
4585 3956
4576 3937
4568 3920
4561 3905
4555 3892
4546 3872
4542 3863
4531 3838
4524 3821
4515 3799
4506 3776
4499 3758
4494 3745
4486 3724
4477 3700
4470 3681
4462 3659
4453 3634
4448 3620
4442 3603
4435 3583
4432 3574
4425 3552
4420 3536
4416 3523
4409 3499
4407 3492
4403 3477
4398 3458
4392 3433
4387 3412
4384 3399
4379 3377
4374 3354
4371 3340
4367 3321
4362 3297
4360 3287
4356 3266
4353 3250
4349 3228
4346 3211
4342 3188
4339 3170
4335 3145
4333 3132
4330 3112
4328 3098
4326 3083
4324 3064
4322 3044
4320 3023
4318 3001
4316 2977
4314 2952
4313 2939
4312 2925
4311 2909
4310 2891
4309 2872
4308 2852
4307 2830
4306 2806
4305 2781
4330 2782
4352 2783
4369 2784
4385 2785
4400 2786
4425 2788
4437 2789
4460 2791
4482 2793
4503 2795
4523 2797
4538 2799
4552 2801
4572 2804
4585 2806
4604 2809
4629 2813
4647 2816
4664 2819
4680 2822
4685 2823
4709 2828
4728 2832
4746 2836
4768 2841
4785 2845
4808 2851
4827 2856
4849 2862
4867 2867
4884 2872
4904 2878
4917 2882
4939 2889
4964 2897
4981 2903
4995 2908
5014 2915
5022 2918
5043 2926
5056 2931
5074 2938
5084 2942
5106 2951
5118 2956
5134 2963
5159 2974
5179 2983
5201 2993
5225 3004
5240 3011
5257 3019
5276 3028
5297 3038
5322 3051
5343 3062
5362 3072
5379 3081
5394 3089
5418 3102
5440 3114
5460 3125
5469 3130
5494 3144
5510 3153
5533 3166
5545 3173
5567 3186
5590 3200
5608 3211
5616 3216
5635 3228
5646 3235
5660 3244
5680 3257
5705 3274
5721 3285
5734 3294
5744 3301
5761 3313
5785 3330
5803 3343
5818 3354
5837 3368
5860 3385
5885 3404
5906 3420
5923 3433
5936 3443
5958 3460
5976 3474
5999 3492
6018 3507
6042 3526
6052 3534
6068 3547
6085 3561
6097 3571
6122 3592
6141 3608
6154 3619
6174 3636
6196 3655
6211 3668
6234 3688
6259 3710
6268 3718
6287 3735
6297 3744
6308 3754
6331 3775
6356 3798
6369 3810
6383 3823
6398 3837
6414 3852
6431 3868
6449 3885
6469 3904
6490 3924
6512 3945
6535 3967
6559 3990
6584 4014
6608 4039
6631 4063
6653 4086
6674 4108
6694 4129
6713 4149
6731 4168
6745 4183
6768 4208
6789 4231
6806 4250
6814 4259
6829 4276
6851 4301
6872 4325
6892 4348
6911 4370
6917 4377
6934 4397
6950 4416
6971 4441
6985 4458
7004 4482
7015 4496
7025 4509
7041 4530
7056 4550
7070 4569
7081 4584
7094 4602
7106 4619
7120 4639
7129 4652
7142 4671
7157 4693
7174 4718
7186 4736
7201 4759
7214 4779
7225 4796
7234 4810
7250 4835
7257 4846
7269 4865
7274 4873
7287 4894
7301 4917
7314 4939
7324 4956
7331 4968
7339 4982
7352 5005
7361 5021
7375 5046
7380 5055
7391 5075
7397 5086
7410 5110
7417 5123
7426 5140
7437 5161
7450 5186
7459 5205
7467 5222
7474 5237
7485 5262
7495 5285
7500 5297
7507 5314
7516 5336
7522 5351
7531 5374
7538 5392
7546 5413
7554 5435
7563 5460
7568 5474
7576 5497
7579 5506
7587 5531
7594 5553
7598 5566
7605 5589
7611 5609
7616 5626
7623 5650
7627 5664
7634 5689
7639 5707
7645 5729
7649 5744
7654 5763
7656 5771
7661 5792
7666 5814
7671 5837
7674 5851
7679 5875
7683 5895
7687 5916
7691 5938
7694 5955
7698 5978
7702 6002
7706 6027
7709 6046
7711 6059
7713 6074
7716 6097
7719 6122
7721 6139
7722 6148
7724 6167
7725 6177
7726 6188
7728 6212
7729 6225
7730 6239
7731 6254
7732 6274
7733 6296
7733 6310
0 0
