500 500
8080 3470
8056 3469
8033 3468
8011 3467
7990 3466
7974 3465
7959 3464
7945 3463
7932 3462
7907 3460
7895 3459
7872 3457
7861 3456
7841 3454
7832 3453
7815 3451
7790 3448
7782 3447
7760 3444
7753 3443
7733 3440
7720 3438
7695 3434
7678 3431
7656 3427
7640 3424
7619 3420
7595 3415
7576 3411
7562 3408
7539 3403
7530 3401
7508 3396
7495 3393
7478 3389
7457 3384
7433 3378
7410 3372
7391 3367
7376 3363
7358 3358
7344 3354
7331 3350
7315 3345
7296 3339
7271 3331
7248 3323
7228 3316
7211 3310
7197 3305
7186 3301
7167 3294
7143 3285
7122 3277
7109 3272
7099 3268
7077 3259
7060 3252
7048 3247
7041 3244
7018 3234
7002 3227
6982 3218
6969 3212
6950 3203
6929 3193
6906 3182
6898 3178
6877 3167
6860 3158
6845 3150
6832 3143
6808 3130
6797 3124
6788 3119
6772 3110
6749 3097
6737 3090
6720 3080
6700 3068
6677 3054
6659 3043
6651 3038
6632 3026
6607 3010
6590 2999
6567 2984
6542 2967
6520 2952
6501 2939
6485 2928
6468 2916
6444 2899
6430 2889
6412 2876
6401 2868
6386 2857
6367 2843
6351 2831
6330 2815
6313 2802
6300 2792
6277 2774
6263 2763
6239 2744
6219 2728
6198 2711
6182 2698
6160 2680
6143 2666
6118 2645
6096 2626
6081 2613
6065 2599
6048 2584
6030 2568
6011 2551
6001 2542
5980 2523
5969 2513
5944 2490
5931 2478
5917 2465
5902 2451
5886 2436
5869 2420
5849 2401
5828 2381
5806 2360
5783 2338
5759 2315
5734 2291
5710 2266
5687 2242
5665 2219
5644 2197
5624 2176
5606 2157
5593 2143
5570 2118
5549 2095
5531 2075
5523 2066
5508 2049
5486 2024
5479 2016
5459 1993
5446 1978
5427 1956
5421 1949
5410 1936
5389 1911
5370 1888
5356 1871
5339 1850
5331 1840
5312 1816
5301 1802
5284 1780
5271 1763
5255 1742
5241 1723
5230 1708
5222 1697
5209 1679
5192 1655
5180 1638
5173 1628
5164 1615
5153 1599
5138 1577
5121 1552
5112 1538
5105 1527
5093 1508
5080 1487
5072 1474
5061 1456
5055 1446
5045 1429
5038 1417
5027 1398
5023 1391
5013 1373
5001 1351
4988 1327
4980 1312
4971 1295
4961 1276
4955 1264
4943 1239
4932 1216
4923 1197
4917 1184
4908 1164
4904 1155
4897 1139
4887 1116
4878 1095
4870 1076
4860 1052
4853 1034
4848 1021
4840 1000
4832 978
4823 953
4815 930
4807 905
4800 883
4794 864
4789 848
4785 835
4778 812
4772 792
4767 775
4765 768
4758 743
4755 732
4751 717
4749 709
4744 688
4740 671
4737 658
4732 636
4728 618
4723 595
4720 581
4716 562
4711 538
4707 518
4705 507
4702 490
4699 472
4695 447
4693 434
4690 414
4687 393
4685 378
4683 362
4681 345
4680 336
4679 326
4677 305
4676 294
4675 281
4674 267
4673 249
4672 230
4671 210
4670 189
4669 167
4668 144
4667 120
4666 95
4666 89
4691 90
4715 91
4738 92
4760 93
4781 94
4801 95
4820 96
4838 97
4855 98
4871 99
4884 100
4909 102
4933 104
4954 106
4964 107
4983 109
4991 110
5014 113
5029 115
5050 118
5063 120
5082 123
5107 127
5130 131
5152 135
5168 138
5188 142
5207 146
5221 149
5244 154
5262 158
5275 161
5292 165
5317 171
5341 177
5364 183
5383 188
5394 191
5412 196
5429 201
5452 208
5468 213
5487 219
5509 226
5534 235
5556 243
5575 250
5583 253
5604 261
5622 268
5645 277
5669 287
5688 295
5711 305
5727 312
5745 320
5765 329
5776 334
5791 341
5814 352
5839 364
5864 377
5887 389
5906 399
5921 407
5934 414
5958 427
5978 438
5994 447
6001 451
6020 462
6044 476
6061 486
6086 501
6109 515
6127 526
6140 534
6156 544
6178 558
6203 574
6217 583
6237 596
6259 611
6275 622
6296 637
6321 655
6339 668
6361 684
6384 701
6400 713
6417 726
6430 736
6452 753
6466 764
6485 779
6509 798
6534 818
6555 835
6571 848
6582 857
6605 876
6630 897
6643 908
6663 925
6678 938
6694 952
6719 974
6737 990
6756 1007
6776 1025
6799 1046
6823 1068
6848 1091
6862 1104
6877 1118
6894 1134
6913 1152
6934 1172
6956 1193
6980 1216
6999 1235
7023 1260
7046 1284
7067 1306
7084 1324
7100 1341
7115 1357
7129 1372
7141 1385
7164 1410
7185 1433
7204 1454
7221 1473
7229 1482
7244 1499
7265 1523
7284 1545
7300 1564
7305 1570
7319 1587
7332 1603
7349 1624
7369 1649
7380 1663
7398 1686
7408 1699
7424 1720
7430 1728
7441 1743
7449 1754
7462 1772
7467 1779
7479 1796
7486 1806
7495 1819
7506 1835
7519 1854
7534 1876
7551 1901
7567 1925
7580 1945
7591 1962
7600 1976
7616 2001
7623 2012
7635 2031
7645 2047
7653 2060
7664 2078
7678 2101
7681 2106
7694 2128
7705 2147
7717 2168
7730 2191
7739 2207
7751 2229
7764 2253
7771 2266
7779 2281
7788 2298
7798 2317
7809 2338
7814 2348
7826 2373
7835 2392
7843 2409
7849 2422
7860 2446
7870 2468
7874 2477
7881 2493
7891 2516
7899 2535
7904 2547
7911 2564
7920 2586
7924 2596
7933 2619
7938 2632
7946 2653
7954 2675
7963 2700
7969 2717
7977 2742
7983 2761
7988 2777
7992 2790
7998 2810
8003 2827
8010 2851
8014 2866
8020 2889
8024 2906
8026 2915
8031 2938
8034 2952
8038 2971
8043 2996
8047 3017
8050 3033
8052 3044
8055 3063
8057 3076
8060 3096
8062 3110
8065 3134
8067 3151
8069 3169
8071 3188
8072 3198
8074 3219
8076 3241
8078 3264
8079 3276
8081 3301
8082 3314
8083 3330
8084 3348
8085 3367
8086 3387
8087 3409
8088 3433
8089 3458
8089 3470
6588 5490
6563 5489
6540 5488
6518 5487
6497 5486
6478 5485
6460 5484
6443 5483
6428 5482
6414 5481
6401 5480
6377 5478
6356 5476
6346 5475
6337 5474
6312 5471
6304 5470
6281 5467
6267 5465
6254 5463
6235 5460
6210 5456
6193 5453
6177 5450
6156 5446
6141 5443
6117 5438
6098 5434
6084 5431
6061 5426
6043 5422
6021 5417
6008 5414
5987 5409
5962 5403
5958 5402
5935 5396
5913 5390
5895 5385
5888 5383
5864 5376
5845 5370
5830 5365
5807 5357
5790 5351
5776 5346
5751 5337
5740 5333
5721 5326
5697 5317
5679 5310
5656 5301
5636 5293
5614 5284
5595 5276
5572 5266
5547 5255
5538 5251
5527 5246
5503 5235
5490 5229
5475 5222
5458 5214
5439 5205
5416 5194
5391 5182
5385 5179
5360 5166
5341 5156
5326 5148
5313 5141
5289 5128
5267 5116
5247 5105
5222 5091
5206 5082
5183 5069
5162 5057
5138 5043
5116 5030
5091 5015
5068 5001
5050 4990
5037 4982
5016 4969
5008 4964
4989 4952
4967 4938
4942 4922
4925 4911
4909 4900
4886 4884
4876 4877
4855 4862
4830 4844
4815 4833
4796 4819
4772 4801
4747 4782
4726 4766
4713 4756
4704 4749
4690 4738
4671 4723
4656 4711
4640 4698
4618 4680
4595 4661
4589 4656
4569 4639
4547 4620
4532 4607
4509 4587
4500 4579
4481 4562
4470 4552
4446 4530
4421 4507
4408 4495
4393 4481
4375 4464
4355 4445
4334 4425
4312 4404
4289 4382
4264 4358
4249 4343
4225 4318
4206 4298
4188 4279
4171 4261
4155 4244
4140 4228
4128 4215
4105 4190
4094 4178
4073 4155
4063 4144
4044 4123
4036 4114
4021 4097
4014 4089
4001 4074
3982 4052
3970 4038
3953 4018
3942 4005
3923 3982
3919 3977
3901 3954
3884 3932
3874 3919
3858 3898
3839 3873
3822 3850
3814 3839
3801 3821
3783 3796
3768 3775
3751 3751
3735 3728
3726 3715
3715 3699
3700 3677
3683 3652
3671 3634
3656 3611
3643 3591
3636 3580
3624 3561
3611 3540
3600 3522
3586 3499
3580 3489
3567 3467
3557 3450
3550 3438
3538 3417
3525 3394
3516 3378
3511 3369
3500 3349
3488 3327
3480 3312
3469 3291
3457 3268
3445 3243
3434 3220
3425 3201
3417 3184
3411 3171
3401 3149
3397 3140
3386 3115
3379 3099
3369 3076
3360 3055
3352 3036
3343 3014
3333 2989
3326 2971
3321 2958
3313 2937
3304 2912
3299 2898
3293 2881
3286 2861
3278 2838
3277 2835
3269 2810
3262 2788
3256 2769
3251 2753
3247 2740
3240 2717
3233 2693
3226 2668
3220 2646
3216 2631
3210 2608
3209 2604
3203 2579
3200 2566
3195 2544
3190 2521
3187 2507
3183 2488
3180 2473
3177 2457
3173 2434
3169 2410
3165 2385
3163 2372
3160 2352
3157 2330
3155 2315
3152 2291
3149 2266
3148 2257
3146 2238
3144 2218
3142 2197
3140 2174
3139 2162
3138 2148
3137 2133
3136 2116
3135 2098
3134 2077
3133 2055
3132 2031
3132 2021
3157 2022
3181 2023
3203 2024
3224 2025
3243 2026
3261 2027
3278 2028
3293 2029
3307 2030
3320 2031
3344 2033
3365 2035
3385 2037
3404 2039
3428 2042
3451 2045
3473 2048
3487 2050
3507 2053
3526 2056
3549 2060
3566 2063
3571 2064
3595 2069
3614 2073
3632 2077
3654 2082
3667 2085
3684 2089
3709 2095
3713 2096
3736 2102
3755 2107
3770 2111
3795 2118
3802 2120
3826 2127
3843 2132
3866 2139
3885 2145
3910 2153
3919 2156
3942 2164
3956 2169
3981 2178
4003 2186
4022 2193
4038 2199
4051 2204
4069 2211
4084 2217
4106 2226
4123 2233
4142 2241
4156 2247
4179 2257
4195 2264
4220 2275
4238 2283
4260 2293
4273 2299
4288 2306
4305 2314
4328 2325
4352 2337
4377 2350
4400 2362
4419 2372
4436 2381
4456 2392
4465 2397
4490 2411
4513 2424
4534 2436
4553 2447
4563 2453
4581 2464
4594 2472
4615 2485
4626 2492
4651 2508
4665 2517
4688 2532
4713 2549
4729 2560
4753 2577
4760 2582
4785 2600
4796 2608
4821 2627
4842 2643
4864 2660
4887 2678
4901 2689
4920 2704
4944 2723
4959 2735
4980 2752
4996 2765
5007 2774
5032 2795
5051 2811
5064 2822
5086 2841
5109 2861
5133 2882
5158 2904
5177 2921
5197 2939
5220 2960
5232 2971
5257 2994
5270 3006
5287 3022
5306 3040
5326 3059
5348 3080
5371 3102
5395 3125
5420 3149
5428 3157
5452 3182
5475 3206
5496 3228
5516 3249
5534 3268
5549 3284
5563 3299
5576 3313
5587 3325
5608 3348
5618 3359
5637 3380
5652 3397
5674 3422
5688 3438
5708 3461
5721 3476
5740 3498
5746 3505
5763 3525
5774 3538
5795 3563
5800 3569
5819 3592
5836 3613
5844 3623
5863 3647
5878 3666
5889 3680
5896 3689
5909 3706
5928 3731
5946 3755
5963 3778
5971 3789
5984 3807
5994 3821
6011 3845
6027 3868
6036 3881
6049 3900
6066 3925
6081 3948
6090 3962
6097 3973
6109 3992
6124 4016
6137 4037
6145 4050
6156 4068
6171 4093
6182 4112
6191 4128
6205 4153
6215 4171
6226 4191
6238 4213
6245 4226
6253 4241
6264 4262
6276 4285
6289 4310
6292 4316
6303 4339
6313 4360
6322 4379
6330 4396
6336 4409
6347 4433
6357 4455
6366 4475
6377 4500
6384 4516
6394 4539
6402 4558
6407 4570
6416 4592
6418 4597
6427 4620
6434 4638
6442 4659
6449 4678
6453 4689
6462 4714
6467 4728
6473 4745
6476 4754
6484 4779
6491 4801
6497 4820
6502 4836
6509 4859
6516 4883
6520 4897
6525 4915
6528 4926
6532 4941
6537 4960
6543 4983
6546 4995
6549 5008
6554 5030
6559 5053
6562 5067
6566 5086
6571 5110
6575 5132
6579 5155
6583 5179
6586 5198
6589 5218
6591 5233
6594 5256
6595 5264
6597 5281
6599 5300
6600 5310
6601 5321
6603 5344
6604 5357
6605 5371
6606 5386
6607 5402
6608 5421
6609 5441
6610 5465
6611 5490
0 0
