330 319
0 4931
7 4728
13 4638
16 4596
18 4572
21 4539
27 4483
34 4420
43 4343
52 4279
79 4114
106 3974
111 3951
146 3799
164 3728
194 3619
220 3532
227 3510
259 3410
311 3264
316 3250
347 3169
367 3119
392 3059
423 2987
457 2912
479 2864
511 2799
556 2708
627 2575
640 2552
715 2423
774 2328
843 2221
991 2012
1034 1955
1102 1868
1209 1740
1260 1682
1290 1648
1321 1614
1399 1531
1468 1461
1498 1431
1607 1327
1649 1289
1724 1222
1820 1141
1843 1123
2031 977
2093 932
2111 919
2217 846
2246 827
2420 717
2464 691
2493 674
2558 637
2639 592
2679 571
2730 545
2851 485
2876 473
2898 463
2990 422
3096 377
3128 364
3170 347
3175 345
3292 301
3330 287
3498 231
3537 219
3580 206
3625 193
3706 170
3771 153
3788 149
3960 109
4013 98
4064 88
4114 79
4230 60
4279 52
4455 30
4530 22
4562 19
4692 9
4711 8
4876 2
4906 1
4986 0
5001 0
5172 3
5580 34
5632 40
5714 51
5759 58
5846 72
5945 90
5996 100
6118 126
6211 149
6468 220
6563 250
6648 279
6742 313
6924 385
7069 448
7109 466
7257 538
7382 604
7427 628
7462 648
7553 701
7724 807
7754 827
7921 942
8001 1001
8034 1026
8072 1055
8187 1147
8212 1168
8246 1197
8269 1217
8302 1246
8410 1343
8509 1439
8582 1512
8609 1540
8686 1621
8703 1640
8744 1686
8826 1780
8921 1897
8994 1992
9062 2084
9098 2135
9172 2244
9224 2324
9281 2417
9296 2442
9441 2702
9476 2771
9498 2816
9537 2899
9572 2975
9629 3109
9676 3230
9681 3243
9700 3293
9706 3310
9747 3430
9778 3527
9812 3643
9831 3710
9848 3775
9852 3791
9893 3970
9896 3984
9913 4070
9940 4225
9948 4281
9956 4339
9963 4396
9976 4512
9990 4681
9991 4694
9996 4794
9998 4862
10000 4932
10000 4973
9999 5115
9996 5208
9988 5346
9948 5718
9935 5805
9923 5876
9897 6009
9886 6064
9877 6104
9858 6184
9844 6240
9841 6251
9803 6390
9797 6411
9742 6586
9686 6743
9608 6942
9579 7008
9545 7085
9461 7258
9442 7295
9319 7520
9246 7640
9219 7684
9042 7944
9028 7963
8936 8083
8911 8115
8855 8185
8806 8243
8723 8338
8712 8350
8674 8391
8629 8439
8519 8552
8515 8556
8419 8649
8262 8790
8255 8796
8229 8818
8150 8883
8120 8907
7913 9064
7811 9135
7755 9173
7731 9189
7661 9233
7586 9280
7489 9337
7450 9359
7388 9393
7300 9440
7242 9469
7119 9529
7054 9559
7013 9577
6889 9630
6819 9658
6698 9703
6659 9717
6524 9762
6505 9768
6416 9795
6369 9809
6298 9829
6148 9867
6028 9893
5991 9901
5755 9943
5742 9945
5693 9952
5655 9957
5577 9967
5491 9976
5365 9987
5222 9995
5122 9999
5040 10000
4939 10000
4865 9998
4734 9993
4716 9992
4618 9985
4353 9958
4292 9950
4258 9945
4214 9938
4081 9915
3994 9898
3966 9892
3707 9830
3587 9796
3580 9794
3497 9769
3347 9719
3328 9712
3174 9655
3139 9641
3055 9606
2997 9581
2902 9539
2778 9479
2774 9477
2643 9410
2558 9363
2426 9287
2332 9229
2233 9165
2165 9119
2138 9100
2035 9026
1986 8990
1772 8818
1686 8744
1658 8719
1639 8702
1548 8617
1503 8574
1433 8504
1408 8478
1360 8428
1262 8321
1248 8305
1180 8226
1098 8126
1066 8086
958 7943
877 7829
821 7746
767 7661
748 7631
706 7562
680 7518
637 7443
586 7349
555 7290
528 7236
451 7076
381 6914
375 6899
330 6785
305 6720
283 6659
263 6601
188 6359
186 6352
140 6176
133 6148
131 6139
125 6110
65 5806
51 5711
42 5647
34 5586
30 5551
21 5461
14 5378
6 5251
0 4932
1 4880
6 4751
10 4677
11 4662
16 4604
26 4490
39 4373
60 4226
74 4142
79 4114
91 4051
120 3910
129 3871
152 3775
168 3716
221 3529
236 3482
297 3304
321 3237
333 3205
348 3167
423 2987
440 2949
475 2872
504 2811
540 2739
566 2688
586 2651
690 2466
741 2381
816 2262
961 2053
1003 1996
1018 1976
1060 1922
1152 1807
1175 1780
1188 1765
1283 1656
1311 1625
1367 1564
1419 1510
1466 1463
1530 1400
1564 1368
1652 1286
1798 1159
1834 1130
1930 1053
2016 988
2125 909
2154 889
2256 820
2300 792
2400 729
2524 656
2606 610
2699 561
2750 535
2794 513
2813 504
3024 407
3068 388
3128 363
3169 347
3237 321
3278 306
3378 270
3410 259
3443 248
3516 225
3605 198
3725 165
3824 140
3949 112
4025 96
4117 79
4197 65
4387 38
4409 35
4442 31
4561 19
4693 9
4747 6
4871 2
5002 0
5025 0
5234 5
5361 13
5438 19
5512 26
5566 32
5702 49
5946 90
6084 119
6125 128
6283 167
6451 215
6576 255
6615 268
6690 294
6812 340
6848 354
6899 375
7053 441
7129 476
7199 509
7267 543
7356 590
7430 630
7501 670
7599 728
7777 842
7786 848
7861 899
7985 989
8000 1000
8036 1027
8132 1102
8155 1121
8230 1183
8369 1305
8425 1357
8481 1410
8577 1506
8834 1790
8894 1863
8983 1977
8995 1993
9035 2047
9088 2122
9166 2235
9174 2247
9245 2358
9258 2379
9327 2494
9395 2615
9444 2708
9459 2737
9515 2853
9553 2934
9587 3011
9633 3119
9711 3325
9736 3398
9778 3526
9784 3545
9813 3645
9844 3759
9850 3784
9883 3925
9916 4087
9924 4130
9936 4204
9952 4309
9962 4382
9971 4461
9973 4479
9984 4597
9993 4731
9997 4815
10000 4980
9999 5086
9998 5147
9995 5226
9991 5294
9979 5461
9964 5601
9961 5626
9957 5657
9946 5733
9940 5774
9931 5827
9924 5868
9901 5992
9893 6029
9856 6190
9824 6317
9808 6374
9777 6477
9745 6577
9732 6616
9707 6687
9695 6720
9643 6857
9604 6949
9565 7039
9538 7100
9482 7217
9348 7470
9320 7518
9249 7636
9116 7839
9063 7913
8978 8030
8882 8151
8712 8350
8688 8377
8661 8406
8636 8432
8498 8573
8485 8586
8437 8632
8286 8769
8263 8789
8194 8847
8102 8922
8034 8975
7966 9025
7936 9047
7489 9336
7473 9346
7421 9375
7361 9407
7264 9458
7159 9510
7073 9550
6958 9601
6691 9705
6615 9732
6552 9753
6404 9799
6331 9820
6278 9834
6243 9843
6148 9867
6091 9880
6054 9888
5948 9909
5917 9915
5827 9931
5815 9933
5607 9963
5550 9970
5494 9976
5450 9980
5324 9989
5276 9992
5226 9995
5153 9998
5026 10000
5025 10000
4886 9999
4773 9995
4694 9991
4438 9968
4389 9963
4373 9961
4293 9950
4189 9934
3986 9896
3946 9888
3880 9873
3745 9840
3514 9774
3415 9742
3242 9681
3197 9664
3187 9660
2964 9567
2880 9528
2807 9493
2559 9364
2414 9280
2302 9210
2244 9172
2048 9036
1973 8980
1956 8967
1889 8914
1801 8843
1778 8824
1737 8788
1578 8645
1421 8491
1253 8311
1233 8288
1200 8249
1088 8114
1084 8109
1062 8081
1021 8028
958 7943
902 7865
874 7825
788 7695
783 7687
742 7621
640 7448
595 7366
489 7158
405 6972
397 6954
372 6892
324 6770
317 6752
286 6668
240 6532
227 6490
179 6325
166 6279
163 6267
138 6166
127 6121
115 6066
92 5953
77 5874
73 5851
67 5816
56 5749
38 5614
25 5504
20 5449
9 5298
8 5283
4 5194
1 5108
0 5063
0 0
