303 291
1 3481
2 3453
4 3416
6 3388
12 3338
44 3179
54 3142
74 3081
79 3067
94 3029
100 3014
116 2977
143 2921
154 2900
190 2837
200 2820
228 2776
265 2723
294 2684
328 2641
353 2611
364 2599
421 2537
468 2489
558 2407
642 2337
650 2331
723 2277
765 2246
891 2164
896 2161
965 2120
1096 2048
1127 2032
1180 2006
1306 1947
1536 1854
1571 1841
1679 1803
1818 1759
1904 1734
1974 1714
2083 1686
2277 1641
2322 1631
2394 1617
2461 1604
2613 1578
2637 1574
2695 1565
2787 1552
2885 1540
2936 1534
3014 1525
3127 1514
3289 1501
3350 1497
3424 1493
3526 1488
3603 1485
3685 1483
3941 1481
4021 1482
4096 1483
4205 1486
4347 1492
4529 1503
4736 1519
4756 1521
4987 1545
5041 1551
5150 1565
5234 1577
5411 1603
5530 1623
5666 1647
5840 1681
5973 1709
6136 1746
6149 1749
6298 1786
6314 1790
6495 1839
6571 1860
6859 1948
6954 1979
7036 2007
7154 2049
7314 2109
7464 2169
7573 2215
7647 2247
7744 2290
7798 2315
7865 2347
7919 2373
7978 2402
8067 2448
8173 2505
8233 2538
8373 2619
8411 2641
8514 2705
8534 2718
8642 2789
8711 2837
8781 2887
8837 2928
8924 2995
9006 3062
9072 3117
9122 3162
9192 3226
9263 3295
9309 3342
9338 3373
9351 3387
9360 3397
9377 3416
9452 3502
9493 3553
9524 3593
9567 3651
9595 3690
9604 3703
9642 3762
9669 3805
9696 3851
9721 3896
9753 3960
9816 4103
9827 4132
9843 4177
9866 4253
9882 4317
9888 4343
9896 4385
9900 4407
9909 4477
9914 4525
9917 4584
9917 4633
9916 4669
9913 4726
9908 4771
9906 4787
9891 4877
9884 4908
9867 4974
9857 5006
9842 5049
9837 5063
9816 5116
9812 5125
9776 5201
9741 5267
9709 5320
9695 5342
9676 5370
9657 5397
9612 5458
9572 5506
9511 5575
9475 5612
9439 5647
9398 5685
9344 5733
9246 5812
9207 5841
9182 5859
9165 5871
9118 5904
9073 5933
9037 5956
8976 5993
8969 5997
8898 6037
8667 6154
8609 6180
8574 6195
8481 6234
8399 6266
8366 6278
8301 6301
8119 6361
8056 6380
8046 6383
8005 6395
7983 6401
7815 6445
7753 6460
7633 6487
7581 6498
7534 6507
7366 6538
7243 6558
7159 6570
7069 6582
6975 6593
6913 6600
6745 6616
6534 6631
6481 6634
6461 6635
6385 6638
6251 6642
6211 6643
6079 6645
5963 6645
5895 6644
5765 6641
5669 6638
5610 6636
5553 6633
5313 6618
5164 6605
5030 6592
5010 6590
4845 6571
4699 6551
4649 6544
4546 6529
4463 6516
4364 6499
4209 6471
4107 6451
4049 6439
3996 6428
3968 6422
3905 6408
3865 6399
3795 6383
3782 6380
3727 6367
3644 6346
3456 6296
3370 6273
3203 6223
3160 6210
3103 6192
3032 6169
2952 6143
2914 6130
2813 6094
2741 6068
2572 6004
2478 5967
2417 5942
2363 5919
2302 5893
2140 5820
2011 5759
1947 5727
1896 5701
1827 5665
1772 5636
1746 5622
1685 5588
1616 5549
1568 5521
1500 5480
1433 5439
1412 5426
1387 5410
1153 5251
1123 5229
1075 5193
1028 5157
983 5122
932 5081
882 5039
869 5028
832 4996
805 4972
756 4928
715 4890
674 4849
571 4743
517 4684
489 4651
426 4574
413 4558
374 4506
334 4451
295 4393
275 4362
198 4232
166 4170
149 4134
138 4110
133 4099
111 4046
104 4029
99 4016
75 3949
54 3881
41 3829
26 3762
23 3747
8 3643
6 3617
2 3562
1 3505
2194 7158
2195 7065
2205 6895
2208 6859
2219 6764
2235 6647
2254 6541
2265 6481
2282 6403
2302 6318
2324 6229
2348 6142
2357 6111
2368 6075
2383 6026
2409 5943
2433 5873
2442 5847
2463 5789
2498 5694
2521 5635
2537 5595
2594 5457
2619 5400
2666 5295
2693 5238
2739 5142
2772 5075
2816 4989
2849 4927
2864 4899
2871 4886
2901 4831
2948 4746
2962 4721
2969 4709
3047 4576
3168 4380
3183 4356
3201 4328
3216 4305
3300 4178
3335 4126
3371 4074
3423 4000
3443 3972
3549 3827
3587 3776
3614 3740
3635 3713
3737 3582
3815 3485
3885 3400
3912 3368
4088 3164
4139 3107
4236 3001
4358 2872
4467 2760
4526 2701
4569 2659
4633 2597
4674 2558
4762 2475
4835 2408
4922 2331
5054 2215
5128 2153
5266 2040
5341 1981
5549 1822
5592 1790
5708 1707
5773 1662
5795 1647
5901 1575
6089 1455
6206 1384
6264 1350
6344 1304
6396 1275
6440 1251
6610 1162
6713 1111
6784 1078
6893 1028
6946 1005
7050 962
7111 938
7165 917
7227 895
7244 889
7385 841
7466 816
7577 785
7751 743
7800 733
7830 727
7933 710
8044 694
8079 690
8110 687
8174 682
8271 676
8355 675
8374 675
8421 676
8516 681
8528 682
8593 688
8658 696
8690 701
8773 716
8862 738
8972 772
9033 795
9059 806
9073 812
9124 835
9237 897
9258 910
9269 917
9301 938
9396 1011
9434 1045
9486 1095
9503 1113
9519 1131
9546 1162
9597 1226
9614 1250
9637 1284
9644 1295
9671 1339
9691 1374
9705 1399
9708 1405
9740 1470
9765 1529
9780 1566
9784 1576
9813 1661
9829 1717
9848 1790
9866 1879
9876 1936
9887 2023
9889 2044
9898 2155
9900 2201
9902 2284
9902 2353
9900 2417
9898 2455
9893 2535
9888 2591
9880 2665
9874 2712
9866 2767
9853 2848
9848 2879
9835 2947
9808 3072
9775 3208
9730 3367
9679 3528
9675 3540
9662 3578
9632 3663
9587 3783
9516 3959
9490 4019
9449 4111
9436 4140
9429 4155
9401 4214
9360 4300
9335 4350
9269 4480
9222 4568
9174 4656
9141 4714
9021 4919
8987 4974
8928 5069
8859 5175
8682 5436
8559 5606
8459 5738
8412 5799
8337 5894
8277 5968
8201 6060
8061 6223
7912 6391
7863 6444
7792 6520
7774 6539
7649 6668
7596 6721
7540 6776
7462 6852
7418 6894
7402 6909
7327 6979
7261 7040
7160 7130
7088 7193
6932 7325
6903 7349
6842 7398
6776 7451
6752 7470
6459 7690
6419 7719
6374 7751
6254 7833
6130 7915
6104 7932
6052 7965
6003 7995
5823 8103
5701 8172
5672 8188
5650 8200
5510 8274
5425 8316
5378 8339
5286 8382
5185 8428
5134 8450
5107 8461
5011 8500
4740 8597
4565 8650
4551 8654
4495 8669
4436 8684
4315 8711
4237 8726
4208 8731
4134 8743
4077 8751
3990 8761
3900 8768
3865 8770
3545 8765
3457 8755
3420 8749
3355 8738
3333 8734
3312 8729
3247 8713
3201 8701
3175 8693
3076 8658
3060 8652
3030 8640
2968 8611
2942 8598
2893 8571
2820 8526
2745 8473
2722 8455
2705 8441
2665 8406
2634 8377
2582 8323
2556 8293
2545 8280
2530 8262
2458 8163
2432 8121
2410 8084
2393 8053
2378 8024
2340 7941
2324 7903
2308 7859
2291 7812
2283 7787
2267 7732
2259 7702
2252 7673
2244 7639
2219 7500
2214 7465
2207 7406
2201 7348
2197 7280
2195 7244
0 0
