272 276
463 6516
464 6480
469 6434
470 6427
474 6402
481 6367
485 6349
499 6298
515 6249
524 6226
561 6140
567 6128
585 6093
605 6055
637 6002
668 5953
702 5903
761 5823
779 5800
829 5738
861 5701
869 5692
894 5664
954 5600
1021 5531
1134 5422
1169 5390
1186 5375
1235 5332
1321 5258
1444 5159
1488 5125
1606 5036
1716 4957
1818 4886
1957 4793
2036 4742
2069 4721
2077 4716
2194 4644
2238 4617
2371 4539
2442 4498
2519 4454
2625 4396
2662 4376
2718 4346
2930 4236
3100 4151
3184 4110
3222 4092
3341 4036
3380 4018
3596 3921
3702 3875
3801 3833
3888 3797
4053 3730
4101 3711
4214 3667
4302 3634
4562 3538
4733 3478
4837 3443
4907 3420
4944 3408
5102 3357
5199 3327
5261 3308
5487 3242
5519 3233
5764 3167
5883 3136
5953 3118
5986 3110
6102 3082
6132 3075
6163 3068
6288 3040
6391 3018
6552 2985
6613 2973
6629 2970
6704 2956
6946 2914
7082 2893
7226 2873
7444 2846
7574 2833
7620 2829
7809 2814
7906 2809
7984 2805
8147 2800
8273 2799
8347 2800
8504 2805
8540 2807
8589 2810
8644 2814
8684 2817
8754 2824
8933 2847
8990 2857
9039 2866
9099 2878
9209 2904
9245 2914
9293 2928
9312 2934
9338 2943
9425 2975
9506 3009
9535 3023
9567 3040
9618 3068
9641 3082
9649 3087
9664 3097
9692 3117
9728 3144
9752 3164
9769 3179
9811 3221
9832 3245
9848 3264
9876 3303
9890 3326
9906 3354
9911 3363
9933 3414
9939 3430
9964 3533
9965 3539
9966 3546
9970 3586
9971 3626
9971 3639
9970 3661
9965 3713
9963 3729
9955 3770
9950 3794
9941 3829
9934 3852
9920 3896
9899 3949
9882 3989
9862 4031
9830 4090
9817 4113
9791 4156
9750 4219
9713 4272
9669 4331
9639 4369
9613 4399
9510 4517
9422 4609
9404 4627
9334 4694
9184 4829
9123 4881
9110 4892
9075 4921
8968 5006
8894 5063
8790 5140
8758 5163
8673 5223
8624 5257
8506 5336
8459 5367
8365 5427
8330 5449
7931 5684
7907 5698
7805 5754
7719 5801
7507 5911
7339 5995
7145 6088
6988 6160
6804 6242
6746 6267
6530 6357
6389 6415
6326 6440
6239 6474
6181 6496
6066 6539
5972 6574
5947 6583
5714 6665
5553 6719
5547 6721
5414 6765
5271 6810
5061 6873
5015 6886
4610 6997
4512 7022
4335 7065
4232 7089
4092 7120
4036 7132
3978 7144
3934 7153
3914 7157
3778 7183
3660 7205
3515 7229
3364 7253
3303 7262
3118 7287
3026 7298
2784 7322
2724 7327
2639 7333
2605 7335
2553 7338
2533 7339
2491 7341
2302 7348
2141 7349
2132 7349
2032 7347
2002 7346
1924 7343
1840 7338
1755 7331
1708 7327
1636 7319
1543 7307
1482 7298
1435 7290
1395 7282
1361 7275
1268 7255
1230 7245
1201 7237
1162 7226
1106 7208
1070 7196
981 7162
935 7142
879 7115
835 7091
823 7084
773 7053
765 7047
687 6987
673 6976
657 6961
654 6958
610 6912
575 6869
550 6832
548 6829
538 6812
528 6794
526 6790
511 6759
500 6732
496 6722
489 6701
487 6694
479 6664
471 6627
470 6619
464 6568
463 6545
1169 7168
1172 7120
1176 7080
1180 7050
1192 6982
1208 6913
1216 6882
1221 6865
1239 6805
1248 6778
1264 6733
1278 6695
1291 6663
1347 6536
1386 6456
1388 6452
1435 6364
1464 6311
1495 6258
1545 6176
1605 6082
1638 6033
1672 5983
1681 5970
1748 5877
1781 5832
1845 5748
1875 5709
1964 5598
2006 5547
2016 5535
2074 5467
2148 5381
2225 5295
2302 5211
2323 5189
2374 5136
2506 4999
2606 4899
2681 4827
2854 4663
2972 4555
3014 4517
3063 4473
3081 4457
3104 4437
3232 4327
3352 4225
3375 4206
3453 4142
3570 4047
3815 3856
3915 3780
3982 3730
4101 3643
4284 3513
4398 3433
4477 3379
4585 3306
4770 3184
4899 3102
4941 3076
5187 2925
5354 2826
5430 2782
5548 2715
5613 2679
5660 2653
5771 2593
5827 2563
5890 2530
5915 2517
5992 2477
6174 2386
6294 2328
6466 2248
6574 2200
6671 2157
6726 2133
6847 2083
6918 2054
7006 2020
7053 2002
7187 1952
7284 1918
7390 1882
7399 1879
7475 1855
7558 1829
7630 1808
7815 1757
7854 1747
7912 1733
7977 1718
7996 1714
8120 1689
8158 1682
8219 1671
8368 1650
8390 1647
8492 1637
8520 1635
8535 1634
8566 1632
8625 1629
8678 1628
8745 1628
8831 1632
8911 1638
8919 1639
8991 1649
9058 1661
9154 1686
9196 1700
9218 1708
9223 1710
9262 1726
9295 1741
9325 1757
9339 1765
9389 1797
9402 1806
9430 1828
9453 1848
9473 1868
9489 1885
9556 1974
9561 1983
9581 2022
9593 2049
9612 2100
9615 2110
9622 2137
9628 2163
9635 2204
9638 2226
9639 2234
9640 2244
9643 2317
9641 2389
9637 2433
9632 2472
9630 2487
9620 2542
9612 2579
9600 2627
9584 2683
9563 2749
9562 2752
9546 2797
9505 2899
9497 2917
9457 3004
9387 3143
9348 3213
9330 3244
9296 3301
9255 3367
9221 3420
9185 3475
9181 3481
9101 3596
9074 3634
9027 3698
8960 3786
8898 3865
8862 3909
8787 3999
8701 4100
8676 4129
8589 4227
8457 4369
8191 4639
8071 4755
8022 4802
7942 4876
7858 4953
7816 4991
7781 5022
7671 5119
7521 5247
7449 5308
7363 5379
7296 5433
7247 5472
7128 5566
6961 5695
6914 5731
6832 5792
6759 5846
6606 5956
6578 5976
6505 6028
6412 6093
6326 6151
6204 6233
6148 6270
6081 6314
6035 6344
5923 6416
5839 6468
5663 6576
5609 6609
5470 6691
5374 6746
5269 6806
5201 6844
5145 6875
4856 7028
4708 7103
4571 7171
4469 7219
4364 7268
4279 7306
4168 7355
4092 7388
4049 7406
3991 7430
3888 7472
3860 7483
3790 7510
3650 7563
3628 7571
3526 7607
3466 7627
3254 7695
3218 7706
3117 7735
3078 7746
2942 7781
2821 7809
2811 7811
2586 7854
2554 7859
2497 7867
2465 7871
2373 7882
2290 7889
2159 7895
2120 7896
2049 7895
1979 7892
1967 7891
1876 7883
1827 7876
1800 7871
1737 7859
1695 7849
1667 7841
1638 7832
1590 7815
1514 7781
1484 7765
1473 7759
1444 7741
1420 7725
1375 7690
1368 7684
1350 7667
1327 7644
1316 7632
1302 7615
1290 7600
1285 7593
1267 7566
1258 7552
1222 7483
1221 7481
1215 7467
1201 7427
1187 7373
1179 7336
1175 7308
1173 7288
1170 7255
1169 7233
0 0
