322 285
0 4959
2 4849
6 4752
12 4651
21 4538
43 4342
60 4230
67 4185
71 4161
82 4097
90 4053
108 3967
128 3875
148 3791
160 3744
178 3676
223 3523
245 3454
267 3388
300 3293
321 3236
364 3126
387 3070
418 2999
461 2902
503 2814
603 2619
655 2526
711 2430
744 2376
802 2283
849 2212
1001 1998
1056 1927
1106 1864
1165 1791
1176 1778
1218 1729
1288 1650
1399 1531
1422 1507
1530 1400
1577 1355
1692 1250
1805 1154
1879 1093
1987 1010
2116 916
2185 868
2242 830
2389 736
2458 694
2522 657
2608 609
2626 599
2639 592
2711 555
2786 517
2900 462
2951 439
3018 410
3313 293
3430 253
3524 223
3687 176
4003 100
4096 82
4194 65
4265 54
4370 40
4408 35
4431 32
4497 25
4690 10
4775 5
4859 2
4965 0
5106 1
5158 2
5274 8
5389 15
5427 18
5531 28
5625 39
5769 59
5876 77
5978 97
6123 128
6173 139
6210 148
6271 164
6322 178
6396 199
6835 349
6887 370
6938 391
7002 418
7130 476
7230 525
7317 569
7373 599
7481 659
7528 686
7540 693
7574 713
7613 737
7765 834
7782 845
7867 904
7970 978
7995 996
8107 1083
8162 1126
8215 1170
8253 1203
8338 1277
8347 1285
8485 1414
8595 1524
8647 1579
8721 1660
8749 1691
8848 1808
8892 1861
9007 2009
9048 2065
9073 2100
9121 2169
9212 2306
9257 2377
9295 2439
9343 2522
9363 2558
9401 2627
9425 2671
9483 2786
9510 2841
9524 2871
9574 2980
9579 2992
9675 3227
9704 3306
9751 3441
9773 3510
9785 3548
9801 3604
9836 3731
9855 3806
9893 3970
9902 4013
9932 4179
9938 4214
9953 4313
9958 4350
9965 4405
9983 4584
9992 4710
10000 5005
10000 5032
9998 5144
9995 5226
9993 5272
9988 5353
9983 5418
9973 5516
9968 5564
9956 5664
9951 5700
9941 5766
9938 5785
9929 5841
9909 5950
9880 6090
9870 6134
9840 6255
9831 6291
9812 6358
9762 6524
9736 6604
9699 6709
9671 6784
9633 6881
9624 6903
9602 6956
9577 7013
9498 7183
9420 7338
9382 7408
9349 7468
9275 7593
9252 7631
9220 7682
9193 7724
9166 7765
9116 7838
9009 7987
8932 8089
8883 8150
8866 8171
8813 8235
8774 8280
8752 8305
8728 8332
8665 8401
8619 8450
8599 8471
8526 8545
8489 8582
8378 8686
8329 8731
8270 8783
8213 8831
7968 9024
7946 9040
7910 9066
7847 9110
7795 9146
7745 9179
7623 9257
7483 9340
7399 9387
7294 9442
7217 9482
7139 9520
7037 9566
6954 9602
6897 9626
6821 9657
6782 9672
6418 9795
6345 9816
6313 9825
6184 9858
5890 9920
5662 9956
5550 9970
5485 9976
5336 9989
5227 9995
5021 10000
4868 9998
4828 9997
4696 9991
4507 9976
4352 9958
4241 9942
4165 9930
4130 9924
4021 9903
3936 9885
3855 9867
3792 9852
3768 9846
3698 9828
3613 9804
3589 9797
3572 9792
3498 9769
3350 9720
3294 9700
3129 9637
3037 9599
3019 9591
2887 9532
2870 9524
2843 9511
2777 9479
2682 9430
2595 9384
2536 9351
2514 9338
2421 9283
2357 9245
2315 9218
2125 9091
2063 9047
1955 8966
1926 8944
1823 8861
1713 8768
1667 8727
1539 8609
1511 8582
1503 8574
1388 8458
1343 8410
1303 8367
1264 8323
1205 8256
1191 8240
1108 8139
1070 8091
988 7984
966 7955
919 7889
886 7842
779 7680
710 7569
588 7353
583 7344
546 7273
485 7148
424 7016
378 6908
370 6888
363 6870
286 6668
260 6592
228 6494
193 6375
189 6361
167 6283
135 6156
100 5996
86 5921
67 5818
38 5619
30 5551
11 5334
8 5287
1 5115
0 4967
2835 5710
2836 5639
2838 5544
2841 5449
2852 5234
2856 5170
2861 5104
2874 4942
2893 4745
2910 4600
2935 4419
2966 4212
2985 4102
3010 3966
3027 3878
3055 3747
3082 3624
3107 3515
3159 3310
3165 3288
3192 3190
3205 3143
3223 3083
3254 2980
3278 2903
3289 2868
3345 2701
3377 2609
3425 2480
3448 2421
3488 2319
3512 2261
3544 2184
3555 2159
3619 2015
3666 1915
3705 1836
3751 1745
3802 1649
3849 1563
3877 1514
3929 1426
3957 1380
3967 1364
4037 1254
4110 1146
4144 1097
4202 1018
4246 960
4288 907
4322 866
4364 817
4440 730
4479 688
4536 629
4552 613
4603 564
4713 465
4719 460
4781 409
4912 312
4969 274
5021 241
5038 231
5073 211
5106 193
5150 170
5256 121
5274 113
5314 98
5365 79
5417 62
5467 48
5494 41
5546 30
5565 26
5617 17
5629 15
5704 7
5772 3
5800 3
6012 19
6021 20
6028 21
6064 28
6069 29
6107 38
6220 71
6297 100
6310 105
6370 132
6411 153
6457 178
6482 192
6503 205
6562 243
6608 275
6638 298
6664 318
6669 322
6713 358
6761 401
6793 430
6889 528
6940 584
7025 688
7083 766
7125 827
7169 894
7184 918
7202 947
7244 1017
7291 1100
7355 1226
7402 1323
7426 1376
7456 1446
7504 1564
7545 1671
7575 1757
7584 1783
7607 1854
7659 2025
7670 2063
7679 2095
7691 2141
7710 2217
7746 2365
7781 2531
7791 2581
7823 2765
7862 3026
7865 3048
7886 3233
7895 3323
7898 3360
7915 3600
7917 3630
7920 3677
7924 3770
7927 3861
7931 4024
7931 4278
7928 4394
7926 4467
7924 4532
7921 4601
7911 4773
7904 4874
7890 5038
7882 5123
7880 5142
7836 5503
7826 5573
7817 5633
7809 5686
7798 5755
7783 5843
7777 5876
7759 5972
7749 6025
7727 6135
7686 6325
7665 6416
7639 6521
7511 6980
7499 7020
7451 7167
7431 7227
7418 7265
7354 7442
7299 7585
7253 7699
7228 7758
7188 7850
7166 7899
7094 8052
7022 8198
6976 8285
6915 8396
6864 8484
6825 8549
6744 8679
6739 8687
6702 8743
6624 8856
6616 8867
6570 8929
6530 8982
6486 9039
6462 9068
6399 9144
6393 9151
6361 9187
6327 9225
6283 9272
6250 9306
6188 9368
6147 9407
6045 9498
6009 9527
5954 9571
5911 9604
5862 9639
5826 9663
5761 9705
5697 9743
5686 9749
5619 9785
5568 9810
5498 9840
5444 9862
5410 9874
5341 9896
5306 9906
5255 9919
5237 9923
5169 9936
5136 9941
5117 9943
5014 9952
4944 9953
4922 9953
4861 9950
4845 9949
4739 9935
4728 9933
4649 9916
4630 9911
4586 9898
4574 9894
4504 9870
4452 9849
4397 9824
4389 9820
4280 9761
4256 9747
4189 9703
4161 9683
4108 9643
4085 9624
4010 9561
3953 9506
3900 9453
3880 9432
3816 9360
3757 9288
3720 9240
3694 9205
3660 9157
3642 9131
3617 9093
3591 9053
3566 9013
3552 8990
3535 8961
3528 8949
3476 8857
3447 8803
3361 8627
3324 8544
3260 8388
3218 8276
3185 8181
3170 8137
3137 8032
3115 7959
3080 7835
3068 7789
3037 7661
3018 7579
2996 7480
2979 7393
2950 7236
2942 7190
2927 7095
2919 7039
2897 6875
2878 6706
2862 6528
2850 6349
2842 6198
2840 6147
2837 6045
2835 5944
0 0
