318 274
1 4963
3 4868
4 4840
30 4462
34 4427
42 4360
71 4168
115 3941
135 3849
141 3824
161 3745
191 3636
219 3540
260 3412
277 3362
296 3308
310 3270
355 3151
388 3070
399 3045
477 2870
535 2752
613 2602
720 2416
735 2391
821 2256
903 2135
925 2104
987 2018
993 2010
1013 1984
1107 1863
1226 1722
1237 1709
1275 1665
1402 1530
1453 1477
1511 1419
1623 1313
1745 1205
1866 1105
1891 1085
1987 1010
2015 989
2130 906
2310 786
2343 765
2388 737
2414 721
2514 662
2539 648
2573 629
2611 608
2657 583
2723 549
2793 514
2913 457
2969 431
3053 395
3125 365
3253 315
3281 305
3368 274
3394 265
3461 243
3493 233
3618 195
3738 162
3786 150
3869 130
3968 108
4002 101
4081 85
4213 62
4360 41
4402 36
4463 29
4491 26
4522 23
4536 22
4870 2
4904 1
5121 1
5176 3
5217 5
5318 10
5452 20
5505 25
5691 48
5734 54
5819 67
5921 85
6035 108
6214 149
6282 167
6327 179
6403 201
6536 241
6614 267
6688 293
6716 303
6767 322
7001 417
7055 441
7224 522
7267 543
7308 564
7361 592
7437 633
7546 696
7886 916
7976 981
7997 997
8065 1049
8127 1098
8204 1160
8217 1171
8287 1231
8347 1284
8419 1351
8463 1392
8545 1472
8546 1473
8671 1604
8712 1649
8735 1675
8815 1767
8857 1817
8909 1881
8965 1952
9020 2026
9187 2265
9273 2402
9306 2457
9336 2508
9400 2623
9419 2659
9463 2744
9508 2835
9555 2935
9593 3021
9632 3115
9680 3237
9688 3258
9699 3290
9793 3573
9813 3641
9827 3691
9834 3717
9838 3732
9866 3844
9893 3967
9911 4057
9920 4103
9937 4202
9947 4265
9957 4336
9962 4377
9976 4501
9983 4578
9989 4654
9999 4866
9999 5153
9993 5277
9982 5441
9972 5538
9969 5565
9952 5699
9941 5775
9939 5788
9928 5854
9926 5865
9893 6036
9885 6073
9854 6205
9819 6338
9797 6415
9776 6484
9752 6559
9732 6619
9707 6690
9660 6816
9618 6920
9570 7031
9556 7063
9523 7133
9482 7217
9448 7285
9397 7382
9382 7409
9298 7557
9182 7742
9169 7762
9126 7826
9037 7952
8909 8119
8842 8201
8794 8258
8702 8362
8676 8391
8640 8429
8513 8559
8433 8636
8355 8709
8298 8759
8238 8811
8158 8877
8142 8890
8132 8898
7999 9002
7922 9058
7884 9085
7804 9141
7512 9324
7327 9426
7296 9442
7290 9445
7042 9564
7020 9574
6899 9626
6877 9635
6842 9649
6814 9660
6772 9676
6716 9697
6627 9728
6541 9757
6451 9785
6386 9804
6310 9826
6249 9842
6135 9870
6040 9891
5865 9925
5788 9938
5725 9947
5633 9960
5600 9964
5566 9968
5264 9993
5225 9995
5165 9997
5079 9999
5019 10000
4981 10000
4767 9995
4663 9989
4616 9985
4361 9959
4264 9945
4135 9924
4075 9914
3940 9886
3898 9877
3682 9823
3569 9791
3429 9747
3369 9726
3222 9673
3064 9609
3013 9588
2975 9571
2878 9527
2815 9497
2693 9436
2588 9379
2431 9289
2355 9243
2347 9238
2177 9126
2134 9096
2057 9042
1957 8967
1897 8920
1812 8851
1616 8680
1536 8605
1468 8538
1410 8479
1353 8420
1275 8335
1226 8279
1160 8201
1069 8088
1028 8036
972 7962
933 7908
857 7798
853 7792
814 7733
786 7689
714 7574
685 7525
637 7440
627 7422
604 7380
563 7304
528 7234
468 7111
430 7026
379 6908
324 6769
255 6573
238 6521
204 6411
198 6390
173 6300
156 6237
136 6154
123 6100
92 5950
81 5889
44 5651
38 5606
29 5529
25 5491
16 5390
7 5251
7 4361
8 4342
11 4320
24 4244
37 4201
58 4147
72 4117
81 4099
105 4058
121 4033
140 4007
161 3979
193 3940
207 3925
244 3886
279 3853
308 3827
329 3809
360 3784
365 3780
403 3751
467 3706
491 3690
541 3658
591 3628
609 3618
677 3581
692 3573
799 3520
830 3506
888 3480
958 3450
1065 3408
1079 3403
1239 3346
1314 3322
1368 3305
1527 3259
1560 3250
1594 3241
1692 3217
1812 3188
1893 3170
2095 3129
2251 3101
2281 3096
2412 3075
2480 3065
2597 3049
2752 3029
2830 3020
2877 3015
3046 2998
3160 2988
3197 2985
3264 2980
3335 2975
3572 2961
3677 2956
3770 2953
3965 2947
4067 2946
4372 2945
4717 2951
4753 2952
4825 2955
4966 2961
5363 2985
5430 2990
5540 2999
5715 3015
5782 3022
5933 3038
6032 3050
6170 3067
6193 3070
6445 3106
6513 3116
6615 3133
6770 3159
6882 3179
7101 3222
7212 3245
7320 3269
7399 3287
7609 3338
7774 3382
7912 3421
8072 3469
8108 3480
8217 3515
8279 3536
8524 3624
8618 3661
8698 3694
8722 3704
8800 3738
8854 3762
8893 3780
8944 3804
8973 3818
8991 3827
9044 3854
9157 3914
9189 3931
9213 3945
9272 3980
9282 3986
9324 4012
9387 4053
9399 4061
9440 4089
9459 4102
9543 4165
9566 4183
9588 4201
9657 4261
9678 4280
9691 4293
9775 4381
9805 4417
9820 4436
9849 4474
9873 4511
9922 4595
9966 4706
9972 4724
9977 4745
9986 4793
9989 4813
9991 4828
9992 4838
9993 4868
9993 4891
9992 4916
9991 4929
9988 4957
9986 4970
9985 4975
9975 5021
9972 5032
9963 5062
9948 5102
9930 5142
9910 5179
9866 5247
9849 5271
9810 5319
9790 5340
9751 5380
9683 5443
9646 5474
9626 5490
9586 5519
9525 5562
9480 5591
9454 5607
9422 5626
9398 5640
9350 5667
9233 5727
9169 5757
9110 5783
9068 5801
9049 5809
8739 5923
8612 5963
8490 5998
8443 6011
8302 6047
8294 6049
8151 6082
8048 6104
7887 6136
7850 6143
7715 6166
7610 6183
7560 6191
7471 6204
7329 6223
7187 6240
7005 6259
6764 6280
6598 6291
6537 6295
6469 6299
6389 6303
6366 6304
6152 6312
5922 6317
5684 6318
5473 6315
5369 6313
5318 6312
5248 6310
5192 6308
5081 6303
5039 6301
4876 6293
4792 6288
4761 6286
4633 6277
4509 6267
4380 6256
4238 6242
4044 6221
3976 6213
3776 6188
3528 6152
3376 6128
3321 6119
3303 6116
3089 6077
2983 6057
2880 6036
2789 6017
2716 6001
2607 5976
2525 5957
2310 5903
2255 5888
2153 5860
2079 5839
2059 5833
1966 5805
1870 5775
1832 5763
1801 5753
1748 5735
1617 5690
1513 5652
1469 5635
1423 5617
1390 5604
1212 5530
1158 5505
976 5419
974 5418
914 5386
802 5325
786 5316
728 5282
710 5271
691 5259
606 5205
532 5154
460 5099
423 5070
412 5061
369 5024
361 5017
333 4992
285 4945
264 4924
208 4861
188 4837
163 4804
157 4796
142 4774
106 4718
99 4706
94 4697
88 4686
75 4660
64 4637
46 4593
37 4566
29 4539
24 4521
19 4500
15 4478
10 4443
9 4432
7 4404
0 0
