322 263
1 5017
3 4844
10 4694
26 4504
36 4408
76 4138
103 3993
117 3929
139 3833
168 3720
185 3655
222 3529
244 3460
272 3376
320 3241
382 3086
401 3040
417 3003
472 2881
499 2825
514 2794
564 2694
601 2625
691 2466
704 2444
749 2369
834 2236
999 2002
1011 1986
1076 1902
1121 1846
1184 1770
1306 1632
1322 1614
1463 1467
1516 1414
1574 1359
1671 1270
1741 1208
1830 1134
1931 1053
1983 1013
1987 1010
2037 973
2089 935
2110 920
2313 784
2372 747
2437 707
2495 673
2612 607
2657 583
2707 557
2751 535
2895 465
2975 429
3000 418
3065 390
3163 350
3194 338
3269 310
3310 295
3439 250
3512 227
3573 208
3650 186
3760 157
3830 139
3916 119
3976 106
4060 89
4136 75
4196 65
4307 48
4371 40
4500 25
4510 24
4555 20
4601 16
4715 8
4751 6
4903 1
4988 0
5009 0
5076 1
5187 3
5318 10
5484 23
5523 27
5634 40
5694 48
5751 57
5944 90
5983 97
6185 142
6241 156
6435 210
6469 220
6554 247
6603 263
6678 290
6804 336
6837 349
6946 394
7245 532
7303 562
7450 641
7496 667
7603 731
7763 832
7822 872
7866 902
8007 1004
8048 1035
8080 1060
8103 1078
8236 1187
8318 1259
8368 1304
8435 1365
8560 1488
8570 1498
8677 1611
8705 1641
8809 1760
8865 1826
8946 1928
8994 1990
9050 2066
9093 2127
9151 2211
9209 2299
9262 2383
9273 2401
9301 2448
9324 2487
9329 2496
9412 2646
9427 2674
9458 2734
9540 2903
9572 2973
9612 3066
9637 3126
9682 3242
9698 3285
9719 3344
9820 3665
9887 3938
9893 3965
9915 4078
9926 4135
9934 4185
9957 4334
9968 4426
9974 4482
9985 4602
9987 4628
9994 4745
10000 4886
10000 5074
9999 5126
9992 5304
9991 5323
9984 5413
9977 5487
9962 5627
9947 5732
9916 5916
9911 5945
9878 6104
9849 6222
9831 6293
9802 6395
9776 6485
9744 6582
9717 6660
9670 6788
9654 6830
9622 6911
9527 7125
9485 7211
9377 7419
9087 7882
9013 7984
8979 8029
8917 8108
8813 8236
8803 8247
8578 8494
8501 8571
8476 8595
8356 8707
8336 8725
8269 8784
8217 8828
8041 8970
7983 9013
7881 9087
7844 9113
7810 9136
7755 9173
7702 9208
7688 9217
7611 9265
7573 9288
7546 9304
7491 9336
7430 9370
7381 9397
7315 9432
7249 9466
7156 9512
7129 9525
7103 9537
6979 9592
6839 9650
6793 9668
6700 9703
6513 9766
6463 9782
6393 9802
6241 9844
6119 9873
6023 9894
5957 9908
5916 9916
5834 9930
5632 9960
5591 9965
5510 9974
5463 9979
5442 9981
5378 9986
5314 9990
5204 9996
5146 9998
5079 9999
5075 9999
4856 9998
4790 9996
4754 9994
4737 9993
4705 9991
4493 9974
4362 9959
4336 9956
4259 9945
4147 9927
4079 9914
4013 9901
3959 9890
3940 9886
3889 9875
3828 9861
3695 9827
3656 9816
3567 9790
3491 9767
3404 9738
3315 9707
3276 9693
3229 9676
3005 9584
2878 9527
2821 9500
2774 9477
2705 9442
2669 9423
2613 9393
2422 9283
2210 9148
2185 9131
2147 9105
2097 9070
1903 8925
1816 8854
1766 8813
1693 8750
1630 8693
1519 8588
1485 8555
1443 8513
1352 8418
1294 8356
1240 8295
1219 8271
1149 8188
1133 8169
1032 8041
1016 8020
943 7921
890 7846
798 7709
729 7598
672 7501
637 7440
513 7204
452 7076
390 6933
362 6866
343 6818
309 6728
286 6664
251 6561
210 6431
176 6312
152 6219
138 6162
125 6108
109 6033
90 5939
80 5888
67 5811
56 5741
54 5727
36 5591
28 5520
25 5490
13 5352
9 5291
8 5267
156 644
160 588
162 576
165 562
179 520
181 515
186 504
188 500
212 459
220 447
239 424
250 412
267 395
279 384
304 363
320 351
344 335
363 323
393 306
418 293
437 284
462 273
484 264
521 250
550 240
574 232
598 225
640 214
685 203
846 172
884 167
1011 152
1097 145
1160 141
1233 138
1282 137
1332 136
1416 135
1471 136
1569 138
1643 140
1738 145
1773 147
1857 152
1943 159
2116 175
2212 185
2349 201
2374 204
2689 249
2766 261
2784 264
2897 283
3132 325
3204 339
3331 364
3480 395
3522 404
3652 433
3805 468
3844 477
3972 508
4163 556
4272 584
4321 597
4432 627
4656 690
4848 745
5050 806
5191 850
5229 862
5279 878
5481 944
5567 973
5625 993
5887 1085
5954 1109
6026 1135
6045 1142
6229 1210
6315 1243
6377 1267
6515 1321
6555 1337
6725 1406
6766 1423
6964 1507
7075 1555
7209 1615
7402 1703
7525 1761
7575 1785
7675 1834
7899 1947
8065 2035
8162 2088
8204 2112
8338 2189
8412 2232
8424 2239
8529 2302
8613 2355
8669 2391
8746 2441
8795 2474
8823 2493
8924 2564
9026 2640
9060 2666
9122 2715
9180 2762
9229 2804
9284 2854
9313 2881
9370 2936
9405 2971
9422 2989
9484 3058
9491 3066
9507 3085
9511 3090
9575 3176
9583 3188
9596 3208
9604 3221
9616 3241
9634 3274
9658 3323
9672 3358
9685 3399
9696 3444
9701 3481
9702 3503
9702 3534
9701 3550
9696 3583
9691 3603
9676 3645
9666 3667
9646 3699
9644 3702
9632 3719
9619 3734
9608 3746
9563 3788
9544 3802
9516 3822
9504 3829
9440 3865
9414 3877
9319 3914
9283 3926
9239 3939
9221 3944
9200 3949
9169 3956
9123 3966
9088 3973
9020 3985
8936 3996
8879 4003
8777 4012
8696 4017
8648 4019
8544 4022
8490 4023
8469 4023
8374 4022
8281 4020
8205 4017
8113 4013
8045 4009
8003 4006
7935 4001
7821 3991
7800 3989
7759 3985
7584 3966
7496 3955
7347 3936
7218 3917
7179 3911
7072 3894
6995 3881
6853 3856
6716 3831
6579 3804
6470 3782
6411 3770
6282 3742
6237 3732
6022 3683
5980 3673
5739 3613
5571 3570
5455 3539
5404 3525
5328 3504
5182 3463
5134 3449
4904 3381
4839 3361
4719 3324
4604 3288
4450 3238
4284 3182
4204 3155
4051 3102
3981 3077
3870 3037
3848 3029
3614 2942
3449 2879
3226 2790
3099 2738
2957 2678
2871 2641
2751 2589
2617 2529
2606 2524
2519 2484
2335 2398
2233 2348
2053 2259
1938 2200
1802 2128
1775 2113
1581 2005
1479 1946
1437 1921
1344 1865
1237 1798
1207 1779
1165 1752
1139 1735
1008 1646
989 1633
914 1579
862 1541
775 1474
750 1454
703 1416
646 1369
580 1310
540 1273
429 1162
411 1142
379 1106
372 1098
351 1072
309 1019
290 992
269 961
240 913
230 896
218 873
204 843
190 811
179 780
161 704
160 699
157 679
156 667
0 0
