281 331
778 6173
786 5916
791 5814
803 5623
808 5558
812 5510
818 5443
824 5381
832 5308
848 5164
853 5126
875 4962
883 4908
893 4844
920 4678
948 4526
980 4362
998 4276
1010 4222
1040 4091
1058 4017
1108 3819
1130 3739
1157 3642
1168 3605
1193 3521
1215 3449
1225 3417
1236 3382
1254 3325
1280 3247
1368 2995
1403 2902
1449 2785
1523 2604
1578 2478
1599 2431
1639 2346
1730 2157
1805 2012
1875 1884
1902 1835
1981 1702
2087 1531
2138 1455
2214 1344
2279 1255
2349 1163
2366 1141
2400 1099
2444 1045
2481 1001
2513 964
2554 918
2574 896
2638 828
2664 801
2669 796
2737 729
2760 707
2835 638
2854 621
2911 572
2982 515
2987 511
3046 467
3097 430
3250 331
3300 302
3343 279
3394 253
3456 224
3467 219
3485 211
3558 182
3609 163
3731 127
3762 119
3780 115
3818 107
3881 96
3939 89
3949 88
3992 84
4019 83
4061 82
4139 83
4174 85
4200 87
4252 93
4272 96
4307 102
4343 109
4388 120
4423 129
4446 136
4494 151
4535 166
4563 178
4621 203
4703 245
4764 281
4812 312
4902 378
4906 381
4941 409
5040 499
5062 521
5138 601
5156 621
5206 682
5260 752
5273 769
5308 818
5344 872
5378 924
5449 1045
5476 1095
5490 1121
5520 1180
5535 1210
5555 1254
5623 1407
5647 1466
5688 1575
5717 1659
5736 1716
5753 1771
5774 1840
5784 1875
5810 1968
5824 2022
5827 2034
5851 2132
5897 2352
5906 2401
5925 2507
5945 2637
5986 2980
5990 3025
6000 3151
6004 3213
6009 3293
6015 3422
6018 3517
6020 3619
6020 3776
6019 3908
6012 4126
5997 4393
5982 4572
5966 4733
5959 4791
5938 4962
5927 5046
5915 5130
5873 5389
5858 5468
5829 5618
5810 5714
5778 5859
5773 5881
5765 5916
5745 6001
5739 6026
5709 6146
5689 6222
5666 6307
5635 6416
5616 6479
5559 6667
5552 6689
5519 6789
5472 6925
5455 6974
5395 7135
5376 7185
5359 7228
5349 7253
5246 7501
5186 7634
5166 7678
5150 7712
5034 7948
4960 8087
4947 8111
4895 8204
4804 8359
4711 8507
4658 8587
4624 8637
4560 8727
4550 8741
4509 8797
4465 8855
4281 9079
4212 9155
4162 9209
4077 9294
4034 9335
3979 9386
3902 9453
3871 9479
3763 9563
3667 9632
3613 9667
3548 9707
3503 9733
3425 9774
3323 9823
3268 9846
3183 9877
3104 9901
3072 9910
3023 9922
2979 9931
2968 9933
2910 9943
2853 9950
2818 9953
2784 9955
2757 9956
2723 9956
2633 9954
2581 9949
2562 9947
2554 9946
2473 9933
2354 9903
2314 9890
2308 9888
2288 9881
2240 9862
2220 9854
2188 9840
2145 9819
2076 9782
2044 9763
1980 9722
1869 9639
1803 9582
1763 9544
1709 9490
1677 9455
1611 9380
1587 9350
1532 9279
1519 9261
1510 9248
1461 9177
1438 9142
1394 9071
1368 9027
1341 8979
1308 8917
1298 8898
1293 8888
1256 8813
1249 8798
1232 8761
1222 8739
1187 8659
1159 8591
1131 8518
1084 8387
1050 8285
1024 8199
984 8053
938 7864
876 7546
857 7428
839 7298
821 7144
811 7040
809 7019
802 6943
794 6829
788 6719
784 6643
781 6551
778 6385
0 4967
2 4864
21 4547
30 4449
40 4365
48 4306
63 4208
76 4130
117 3923
137 3838
165 3726
188 3641
204 3586
223 3524
241 3467
256 3420
265 3393
291 3320
305 3281
362 3131
371 3109
417 3000
420 2993
440 2949
492 2837
506 2808
550 2719
610 2606
640 2553
672 2497
729 2400
770 2335
819 2258
840 2227
904 2133
975 2034
1004 1995
1043 1943
1092 1881
1147 1813
1185 1767
1254 1688
1325 1610
1339 1595
1411 1519
1467 1462
1507 1422
1532 1398
1623 1313
1669 1271
1734 1214
1774 1180
1793 1164
1836 1128
1850 1117
2060 955
2159 885
2205 854
2330 773
2428 712
2549 642
2579 625
2701 560
2777 521
2854 484
3032 403
3071 387
3125 365
3198 336
3286 303
3338 284
3397 264
3554 214
3614 196
3758 157
3793 148
4212 63
4243 58
4426 33
4630 14
4781 5
4826 3
5001 0
5054 0
5104 1
5171 3
5271 7
5306 9
5321 10
5384 15
5512 26
5743 55
5891 80
6007 102
6177 140
6197 145
6258 161
6277 166
6387 196
6432 209
6477 223
6586 258
6636 275
6736 311
6771 324
6831 347
6881 367
6921 384
7022 427
7173 497
7253 536
7331 577
7478 657
7554 702
7674 775
7707 796
7721 805
7812 866
7840 885
7847 890
8025 1019
8041 1031
8082 1063
8106 1082
8175 1137
8208 1165
8319 1260
8328 1268
8447 1378
8472 1402
8744 1686
8760 1704
8807 1758
8867 1831
8991 1988
9098 2136
9172 2244
9266 2392
9346 2527
9436 2694
9457 2734
9482 2783
9511 2843
9520 2862
9585 3005
9608 3058
9637 3130
9727 3370
9756 3457
9805 3616
9815 3652
9869 3864
9878 3902
9892 3968
9905 4030
9908 4046
9922 4121
9942 4240
9965 4409
9970 4450
9980 4550
9985 4616
9995 4769
9999 4900
10000 4935
9999 5119
9995 5215
9991 5300
9985 5385
9983 5410
9969 5557
9944 5744
9924 5869
9922 5881
9901 5991
9878 6097
9851 6213
9829 6298
9822 6323
9764 6517
9737 6599
9727 6629
9685 6746
9676 6770
9657 6819
9617 6920
9576 7014
9541 7092
9470 7241
9454 7272
9389 7395
9304 7544
9296 7558
9271 7600
9202 7711
9138 7807
9120 7833
9074 7899
9052 7930
8953 8062
8844 8198
8737 8322
8599 8471
8575 8496
8488 8583
8443 8626
8375 8689
8335 8726
8295 8761
8220 8825
8153 8881
8022 8983
7954 9034
7825 9126
7715 9199
7635 9249
7535 9310
7457 9355
7414 9379
7381 9397
7309 9435
7272 9454
7229 9476
7197 9492
6945 9606
6860 9641
6804 9663
6466 9780
6369 9809
6294 9830
6283 9833
6184 9858
6147 9867
6085 9881
6033 9892
5978 9903
5886 9921
5733 9946
5599 9964
5566 9968
5482 9977
5221 9995
5113 9999
4988 10000
4952 10000
4860 9998
4773 9995
4667 9989
4637 9987
4588 9983
4476 9973
4384 9962
4311 9952
4219 9939
4178 9932
4066 9912
3975 9894
3965 9892
3867 9870
3791 9852
3640 9812
3568 9791
3472 9761
3325 9711
3285 9697
3200 9665
3139 9641
3045 9602
2971 9570
2942 9557
2916 9545
2703 9441
2691 9435
2642 9409
2585 9378
2507 9334
2391 9266
2346 9238
2306 9212
2211 9150
2158 9114
2069 9051
1961 8971
1893 8918
1868 8898
1789 8832
1614 8679
1573 8641
1521 8591
1488 8559
1481 8552
1317 8382
1251 8309
1207 8258
1179 8225
1065 8084
1029 8039
962 7949
930 7905
893 7852
857 7799
813 7733
717 7580
632 7434
602 7379
589 7355
533 7247
527 7235
485 7148
463 7101
434 7037
370 6887
350 6838
312 6738
282 6656
252 6569
232 6507
170 6292
138 6165
131 6137
101 6001
80 5891
67 5818
46 5678
35 5589
24 5489
18 5420
10 5319
3 5173
1 5116
0 4988
0 0
