267 320
3972 4962
3973 4843
3977 4648
3979 4574
3988 4345
3992 4267
4003 4087
4005 4056
4011 3969
4026 3782
4040 3631
4056 3475
4061 3429
4073 3328
4092 3179
4109 3056
4120 2985
4153 2774
4185 2595
4206 2486
4216 2435
4273 2172
4286 2117
4314 2002
4389 1727
4420 1624
4435 1576
4444 1548
4474 1458
4510 1354
4539 1275
4574 1184
4623 1064
4631 1046
4679 940
4692 912
4702 891
4722 851
4765 767
4801 701
4846 624
4871 584
4917 514
4948 469
4972 437
5035 357
5050 339
5083 302
5096 288
5139 244
5148 236
5214 178
5255 145
5269 135
5299 115
5313 106
5406 56
5418 51
5461 34
5504 20
5534 13
5557 8
5602 2
5633 0
5665 0
5686 1
5701 2
5723 4
5756 9
5761 10
5811 22
5836 30
5857 37
5894 52
5924 66
5942 75
5967 89
5984 99
6007 113
6059 150
6067 156
6106 188
6118 198
6161 237
6175 251
6230 310
6263 346
6325 424
6346 453
6361 474
6412 550
6423 567
6436 588
6466 637
6527 745
6578 844
6621 934
6652 1004
6679 1065
6709 1137
6742 1223
6794 1364
6809 1408
6839 1499
6872 1604
6883 1641
6918 1760
6944 1856
6982 2004
6999 2075
7024 2184
7037 2242
7054 2323
7072 2410
7079 2445
7101 2564
7107 2599
7149 2847
7153 2872
7162 2933
7184 3088
7198 3196
7207 3270
7221 3397
7234 3520
7236 3539
7253 3721
7267 3905
7274 4007
7291 4315
7298 4509
7300 4588
7301 4631
7303 4748
7304 4983
7304 5060
7300 5306
7295 5483
7289 5631
7284 5730
7276 5868
7264 6048
7261 6084
7246 6261
7234 6392
7230 6431
7224 6486
7212 6594
7185 6814
7183 6829
7162 6977
7160 6991
7144 7094
7102 7344
7082 7452
7075 7488
7058 7575
7014 7780
6999 7846
6955 8024
6938 8090
6895 8245
6884 8282
6828 8465
6819 8493
6803 8540
6793 8569
6750 8692
6722 8766
6712 8791
6644 8956
6633 8981
6610 9032
6599 9056
6567 9124
6509 9237
6496 9261
6432 9373
6377 9459
6355 9492
6343 9509
6303 9565
6293 9578
6200 9690
6171 9722
6152 9741
6110 9781
6090 9799
6059 9825
6049 9833
5987 9878
5933 9912
5898 9931
5863 9947
5748 9986
5728 9990
5691 9996
5683 9997
5642 10000
5599 10000
5566 9997
5532 9993
5502 9987
5483 9983
5434 9968
5423 9964
5377 9946
5372 9944
5321 9918
5303 9908
5277 9892
5260 9881
5243 9869
5207 9842
5198 9835
5166 9809
5135 9782
5074 9721
5049 9694
5030 9673
5009 9649
4966 9595
4940 9561
4920 9533
4899 9503
4876 9468
4846 9422
4837 9408
4772 9296
4747 9252
4680 9119
4661 9079
4609 8964
4554 8830
4471 8603
4461 8574
4440 8511
4408 8410
4401 8387
4365 8264
4345 8192
4322 8105
4270 7895
4250 7807
4204 7589
4196 7548
4181 7469
4160 7351
4125 7140
4118 7093
4096 6941
4090 6896
4060 6655
4043 6492
4030 6361
4020 6244
4015 6181
4004 6024
4000 5964
3991 5809
3987 5727
3986 5703
3980 5554
3979 5516
3974 5307
3973 5244
3972 5160
0 4952
1 4884
4 4807
12 4655
16 4598
36 4400
49 4301
52 4279
60 4225
63 4207
69 4173
99 4008
119 3916
139 3829
200 3599
219 3536
267 3387
275 3363
313 3258
348 3167
359 3139
373 3104
385 3076
491 2839
530 2759
564 2692
603 2619
693 2460
711 2430
737 2388
818 2260
825 2249
864 2190
918 2112
941 2080
988 2016
1165 1791
1179 1775
1295 1643
1377 1554
1395 1535
1449 1480
1586 1347
1637 1300
1710 1234
1747 1203
1862 1107
1927 1056
2026 981
2076 944
2196 860
2373 746
2478 683
2568 631
2649 587
2767 526
2988 423
3078 384
3182 342
3258 313
3290 301
3358 277
3370 273
3559 212
3703 171
3779 151
3815 142
3928 116
3984 104
4078 86
4099 82
4126 77
4164 70
4285 51
4322 46
4361 41
4471 28
4512 24
4578 18
4689 10
4749 6
4853 2
4995 0
5094 1
5156 2
5209 4
5301 9
5358 13
5428 18
5538 29
5567 32
5640 41
5685 47
5768 59
5806 65
5970 95
6031 107
6199 146
6405 201
6458 217
6522 237
6639 276
6721 306
6821 343
6986 411
7072 449
7153 487
7211 515
7286 553
7365 595
7435 633
7518 680
7587 721
7631 748
7686 783
7731 812
7895 923
7980 985
8019 1014
8027 1020
8163 1128
8323 1264
8341 1280
8409 1342
8475 1405
8501 1430
8624 1555
8703 1640
8860 1821
8918 1893
8975 1967
9030 2041
9076 2104
9126 2175
9167 2236
9242 2353
9249 2364
9387 2602
9483 2786
9559 2946
9595 3028
9641 3138
9666 3202
9698 3289
9723 3359
9726 3368
9771 3504
9792 3572
9800 3599
9823 3680
9851 3787
9857 3812
9883 3923
9903 4018
9904 4023
9918 4096
9927 4147
9951 4299
9966 4418
9974 4487
9983 4582
9989 4662
9994 4753
9996 4794
10000 4943
10000 5031
9999 5107
9998 5139
9986 5379
9976 5494
9967 5577
9963 5611
9957 5654
9937 5791
9927 5851
9908 5955
9898 6006
9881 6086
9852 6209
9837 6265
9805 6383
9765 6515
9720 6650
9709 6681
9655 6825
9653 6830
9587 6990
9545 7085
9499 7182
9461 7259
9454 7273
9404 7368
9327 7505
9291 7567
9186 7734
9182 7740
9059 7920
8948 8068
8922 8101
8817 8230
8803 8247
8740 8318
8613 8456
8505 8566
8488 8583
8248 8802
8193 8848
8081 8938
8067 8949
8054 8959
7968 9024
7923 9057
7807 9138
7711 9202
7639 9247
7523 9317
7381 9397
7349 9414
7292 9444
7205 9488
7147 9516
7069 9552
6986 9589
6895 9627
6827 9654
6678 9710
6627 9728
6601 9737
6535 9759
6459 9782
6386 9804
6379 9806
6340 9817
6291 9830
6203 9853
6167 9862
6132 9870
6114 9874
5898 9919
5842 9929
5719 9948
5690 9952
5621 9961
5541 9971
5350 9988
5273 9993
5232 9995
5155 9998
5119 9999
4956 10000
4698 9991
4470 9972
4415 9966
4252 9944
4129 9924
4103 9919
3908 9879
3836 9863
3732 9837
3593 9798
3495 9768
3454 9755
3408 9740
3359 9723
3289 9698
3206 9667
3133 9638
2875 9526
2804 9492
2749 9465
2662 9420
2580 9376
2480 9319
2410 9277
2324 9224
2275 9192
2202 9144
2160 9115
2111 9081
2087 9064
2075 9055
1922 8940
1895 8919
1832 8869
1656 8718
1558 8627
1464 8535
1461 8532
1350 8417
1328 8394
1204 8255
1133 8170
1091 8118
993 7991
959 7944
889 7847
852 7792
651 7466
637 7442
611 7395
561 7301
499 7177
479 7135
376 6902
361 6867
314 6744
267 6613
213 6445
188 6360
142 6185
125 6111
96 5977
87 5931
72 5843
44 5665
34 5578
14 5379
7 5269
2 5158
0 5039
0 0
