248 332
125 2190
127 2175
142 2119
148 2103
153 2093
170 2061
201 2017
216 1999
222 1992
242 1972
253 1962
281 1939
286 1935
298 1926
314 1915
323 1909
360 1885
381 1873
426 1850
458 1835
467 1831
481 1825
521 1809
595 1782
626 1772
652 1764
683 1755
709 1748
768 1734
877 1710
920 1702
964 1695
1027 1685
1059 1680
1155 1668
1254 1658
1343 1651
1459 1643
1518 1640
1576 1638
1608 1637
1848 1633
1898 1633
1966 1634
2109 1637
2164 1639
2331 1646
2350 1647
2473 1654
2599 1663
2704 1671
2930 1692
3017 1701
3212 1723
3349 1740
3537 1765
3654 1782
3837 1810
3929 1825
3984 1834
4130 1859
4486 1925
4565 1941
4653 1959
4775 1984
4905 2012
5079 2051
5243 2089
5328 2109
5531 2159
5678 2197
5907 2258
5994 2282
6187 2337
6274 2362
6384 2395
6528 2439
6563 2450
6718 2500
6945 2574
6994 2591
7219 2670
7287 2694
7520 2781
7593 2809
7708 2855
7799 2892
7977 2966
8068 3005
8120 3028
8191 3060
8202 3065
8347 3132
8438 3176
8556 3234
8684 3300
8768 3345
8868 3401
9023 3492
9052 3510
9098 3539
9142 3567
9211 3613
9292 3669
9311 3683
9355 3716
9418 3764
9451 3791
9493 3826
9506 3837
9573 3898
9609 3933
9614 3938
9643 3968
9671 3999
9686 4016
9703 4036
9708 4042
9749 4095
9792 4161
9824 4222
9834 4245
9848 4287
9855 4309
9859 4329
9865 4363
9866 4379
9866 4385
9861 4462
9852 4497
9849 4508
9846 4517
9801 4597
9798 4602
9779 4626
9767 4639
9747 4659
9713 4688
9684 4710
9651 4732
9632 4743
9561 4781
9517 4802
9510 4805
9457 4826
9395 4848
9276 4883
9210 4899
9136 4915
9088 4924
9061 4929
8977 4943
8858 4959
8759 4970
8712 4974
8670 4977
8555 4985
8490 4989
8473 4990
8448 4991
8396 4993
8326 4995
8259 4996
8172 4997
8137 4997
7971 4995
7879 4993
7644 4983
7573 4979
7352 4964
7314 4961
7289 4959
7110 4943
6963 4928
6870 4918
6649 4891
6578 4882
6541 4877
6397 4857
6357 4851
6141 4818
5935 4784
5741 4749
5506 4705
5249 4653
5215 4646
4940 4586
4858 4567
4460 4471
4405 4457
4214 4407
4139 4387
4073 4369
4000 4349
3888 4317
3696 4261
3425 4179
3332 4150
3310 4143
3249 4123
2909 4009
2706 3937
2684 3929
2524 3869
2421 3830
2341 3799
2288 3778
2226 3753
2187 3737
2055 3682
1985 3652
1852 3594
1705 3527
1637 3495
1474 3416
1468 3413
1317 3336
1241 3295
1145 3242
1072 3200
971 3140
894 3092
883 3085
838 3056
800 3031
715 2973
705 2966
680 2948
657 2931
610 2896
573 2867
553 2850
444 2757
408 2724
382 2698
334 2648
302 2612
286 2592
244 2538
212 2492
165 2405
146 2357
140 2339
138 2332
135 2321
133 2313
126 2273
125 2265
1 4923
2 4856
6 4748
9 4696
11 4667
16 4595
25 4499
28 4472
42 4350
61 4219
79 4113
94 4034
102 3994
133 3854
148 3792
163 3735
214 3553
231 3499
251 3437
272 3373
294 3311
328 3219
364 3127
380 3087
426 2980
434 2962
518 2783
553 2714
593 2639
632 2567
681 2480
718 2418
744 2375
783 2313
845 2218
884 2161
992 2010
1047 1938
1139 1823
1166 1790
1192 1760
1278 1661
1297 1640
1336 1597
1409 1521
1464 1465
1480 1449
1551 1380
1583 1350
1796 1161
1841 1124
1877 1095
2023 983
2087 936
2115 916
2199 858
2247 826
2293 796
2338 768
2552 640
2604 611
2706 557
2768 526
2825 498
2908 458
2995 420
3050 396
3112 370
3122 366
3273 308
3341 283
3456 244
3561 211
3701 172
3793 148
3809 144
3830 139
3891 125
3950 112
4044 92
4105 81
4134 76
4243 58
4283 52
4401 36
4496 25
4537 21
4644 13
4877 2
4901 1
4967 0
5054 0
5184 3
5319 10
5451 20
5493 24
5631 40
5754 57
5978 97
6061 114
6178 141
6212 149
6298 171
6362 189
6474 222
6701 298
6808 338
6908 379
7058 443
7105 464
7156 489
7385 605
7444 638
7489 664
7594 725
7623 743
7693 787
7707 796
7878 911
7931 949
8040 1030
8226 1180
8411 1344
8453 1384
8550 1479
8592 1521
8707 1644
8723 1662
8787 1735
8866 1830
8946 1929
8962 1950
8993 1991
9027 2037
9058 2079
9085 2116
9159 2224
9262 2385
9310 2465
9337 2511
9390 2606
9399 2623
9451 2722
9528 2880
9562 2954
9582 2999
9615 3076
9623 3095
9641 3140
9693 3274
9713 3330
9749 3435
9797 3589
9855 3804
9901 4011
9910 4057
9924 4132
9940 4228
9957 4342
9962 4383
9970 4453
9972 4472
9981 4561
9989 4661
9997 4822
9999 4884
10000 4969
10000 5015
9998 5149
9997 5182
9994 5239
9990 5311
9986 5371
9981 5434
9961 5622
9959 5639
9958 5647
9945 5737
9917 5905
9875 6113
9858 6183
9821 6327
9804 6386
9777 6477
9764 6519
9738 6596
9648 6843
9618 6917
9591 6981
9532 7113
9504 7171
9468 7245
9466 7249
9447 7286
9429 7321
9220 7682
9184 7737
9157 7778
9115 7840
9086 7881
9005 7994
8959 8054
8840 8202
8798 8252
8751 8307
8677 8389
8620 8449
8591 8479
8525 8546
8473 8597
8407 8660
8241 8808
8224 8822
8168 8868
8056 8957
8010 8993
7982 9014
7929 9053
7829 9123
7795 9146
7758 9171
7682 9220
7498 9331
7478 9343
7423 9374
7326 9426
7260 9460
7226 9477
7138 9520
7077 9548
7011 9578
6884 9632
6767 9677
6606 9735
6534 9759
6403 9799
6335 9819
6066 9885
5934 9912
5891 9920
5831 9930
5770 9940
5624 9961
5492 9976
5416 9983
5391 9985
5317 9990
5302 9991
5250 9994
5227 9995
5180 9997
5134 9998
4999 10000
4932 10000
4881 9999
4827 9997
4691 9990
4628 9986
4576 9982
4492 9974
4388 9962
4291 9949
4209 9937
4118 9922
4038 9907
3982 9895
3903 9878
3847 9865
3758 9843
3645 9813
3513 9774
3454 9755
3401 9737
3103 9626
3037 9599
2902 9539
2797 9488
2724 9452
2693 9436
2611 9392
2474 9315
2262 9184
2236 9167
2206 9147
1985 8989
1888 8913
1781 8826
1759 8808
1670 8730
1627 8691
1584 8651
1538 8608
1464 8535
1401 8471
1342 8408
1298 8361
1289 8351
1204 8255
1165 8209
1127 8163
1066 8086
952 7935
935 7911
881 7834
797 7709
762 7653
700 7551
683 7523
671 7503
644 7455
607 7388
560 7300
506 7192
490 7159
379 6911
353 6846
329 6783
288 6672
273 6628
233 6508
197 6388
174 6307
168 6285
161 6258
136 6160
120 6090
75 5864
65 5802
46 5679
22 5467
17 5410
7 5255
0 0
