4 4
0 0
10000 0
10000 10000
0 10000
1050 2313
1051 2313
1051 2314
1050 2314
4 4
0 0
10000 0
10000 10000
0 10000
83 151
84 151
84 152
83 152
4 4
0 0
10000 0
10000 10000
0 10000
3267 204
3268 204
3268 205
3267 205
4 4
0 0
10000 0
10000 10000
0 10000
2537 2260
2538 2260
2538 2261
2537 2261
4 4
0 0
10000 0
10000 10000
0 10000
6107 8276
6108 8276
6108 8277
6107 8277
4 4
0 0
10000 0
10000 10000
0 10000
6984 5154
6985 5154
6985 5155
6984 5155
4 4
0 0
10000 0
10000 10000
0 10000
1992 7205
1993 7205
1993 7206
1992 7206
4 4
0 0
10000 0
10000 10000
0 10000
5774 493
5775 493
5775 494
5774 494
4 4
0 0
10000 0
10000 10000
0 10000
7911 1885
7912 1885
7912 1886
7911 1886
4 4
0 0
10000 0
10000 10000
0 10000
782 7000
783 7000
783 7001
782 7001
4 4
0 0
10000 0
10000 10000
0 10000
7401 5805
7402 5805
7402 5806
7401 5806
4 4
0 0
10000 0
10000 10000
0 10000
1788 6957
1789 6957
1789 6958
1788 6958
4 4
0 0
10000 0
10000 10000
0 10000
6951 7482
6952 7482
6952 7483
6951 7483
4 4
0 0
10000 0
10000 10000
0 10000
1836 5846
1837 5846
1837 5847
1836 5847
4 4
0 0
10000 0
10000 10000
0 10000
7606 2454
7607 2454
7607 2455
7606 2455
4 4
0 0
10000 0
10000 10000
0 10000
1498 7144
1499 7144
1499 7145
1498 7145
4 4
0 0
10000 0
10000 10000
0 10000
7590 8589
7591 8589
7591 8590
7590 8590
4 4
0 0
10000 0
10000 10000
0 10000
2935 9324
2936 9324
2936 9325
2935 9325
4 4
0 0
10000 0
10000 10000
0 10000
831 932
832 932
832 933
831 933
4 4
0 0
10000 0
10000 10000
0 10000
876 105
877 105
877 106
876 106
4 4
0 0
10000 0
10000 10000
0 10000
8165 2780
8166 2780
8166 2781
8165 2781
4 4
0 0
10000 0
10000 10000
0 10000
9579 4313
9580 4313
9580 4314
9579 4314
4 4
0 0
10000 0
10000 10000
0 10000
7779 3336
7780 3336
7780 3337
7779 3337
4 4
0 0
10000 0
10000 10000
0 10000
8809 1373
8810 1373
8810 1374
8809 1374
4 4
0 0
10000 0
10000 10000
0 10000
593 3623
594 3623
594 3624
593 3624
4 4
0 0
10000 0
10000 10000
0 10000
8951 5401
8952 5401
8952 5402
8951 5402
4 4
0 0
10000 0
10000 10000
0 10000
7047 2044
7048 2044
7048 2045
7047 2045
4 4
0 0
10000 0
10000 10000
0 10000
1387 9296
1388 9296
1388 9297
1387 9297
4 4
0 0
10000 0
10000 10000
0 10000
9493 7654
9494 7654
9494 7655
9493 7655
4 4
0 0
10000 0
10000 10000
0 10000
20 2481
21 2481
21 2482
20 2482
4 4
0 0
10000 0
10000 10000
0 10000
5117 1912
5118 1912
5118 1913
5117 1913
4 4
0 0
10000 0
10000 10000
0 10000
4409 1946
4410 1946
4410 1947
4409 1947
4 4
0 0
10000 0
10000 10000
0 10000
6407 3181
6408 3181
6408 3182
6407 3182
4 4
0 0
10000 0
10000 10000
0 10000
1987 6578
1988 6578
1988 6579
1987 6579
4 4
0 0
10000 0
10000 10000
0 10000
5585 1652
5586 1652
5586 1653
5585 1653
4 4
0 0
10000 0
10000 10000
0 10000
2319 6772
2320 6772
2320 6773
2319 6773
4 4
0 0
10000 0
10000 10000
0 10000
556 3231
557 3231
557 3232
556 3232
4 4
0 0
10000 0
10000 10000
0 10000
993 4818
994 4818
994 4819
993 4819
4 4
0 0
10000 0
10000 10000
0 10000
7343 3248
7344 3248
7344 3249
7343 3249
4 4
0 0
10000 0
10000 10000
0 10000
9069 1932
9070 1932
9070 1933
9069 1933
4 4
0 0
10000 0
10000 10000
0 10000
5692 9511
5693 9511
5693 9512
5692 9512
4 4
0 0
10000 0
10000 10000
0 10000
6207 477
6208 477
6208 478
6207 478
4 4
0 0
10000 0
10000 10000
0 10000
8318 4996
8319 4996
8319 4997
8318 4997
4 4
0 0
10000 0
10000 10000
0 10000
1469 7199
1470 7199
1470 7200
1469 7200
4 4
0 0
10000 0
10000 10000
0 10000
4281 2120
4282 2120
4282 2121
4281 2121
4 4
0 0
10000 0
10000 10000
0 10000
1696 9466
1697 9466
1697 9467
1696 9467
4 4
0 0
10000 0
10000 10000
0 10000
9619 6275
9620 6275
9620 6276
9619 6276
4 4
0 0
10000 0
10000 10000
0 10000
7172 3696
7173 3696
7173 3697
7172 3697
4 4
0 0
10000 0
10000 10000
0 10000
1120 9416
1121 9416
1121 9417
1120 9417
4 4
0 0
10000 0
10000 10000
0 10000
2223 1464
2224 1464
2224 1465
2223 1465
4 4
0 0
10000 0
10000 10000
0 10000
8370 8262
8371 8262
8371 8263
8370 8263
4 4
0 0
10000 0
10000 10000
0 10000
1080 995
1081 995
1081 996
1080 996
4 4
0 0
10000 0
10000 10000
0 10000
9395 6222
9396 6222
9396 6223
9395 6223
4 4
0 0
10000 0
10000 10000
0 10000
141 4132
142 4132
142 4133
141 4133
4 4
0 0
10000 0
10000 10000
0 10000
437 1725
438 1725
438 1726
437 1726
4 4
0 0
10000 0
10000 10000
0 10000
6005 2156
6006 2156
6006 2157
6005 2157
4 4
0 0
10000 0
10000 10000
0 10000
6462 1849
6463 1849
6463 1850
6462 1850
4 4
0 0
10000 0
10000 10000
0 10000
7901 7288
7902 7288
7902 7289
7901 7289
4 4
0 0
10000 0
10000 10000
0 10000
7213 7231
7214 7231
7214 7232
7213 7232
4 4
0 0
10000 0
10000 10000
0 10000
4056 5465
4057 5465
4057 5466
4056 5466
4 4
0 0
10000 0
10000 10000
0 10000
2 6575
3 6575
3 6576
2 6576
4 4
0 0
10000 0
10000 10000
0 10000
4347 3783
4348 3783
4348 3784
4347 3784
4 4
0 0
10000 0
10000 10000
0 10000
2624 5745
2625 5745
2625 5746
2624 5746
4 4
0 0
10000 0
10000 10000
0 10000
3292 7159
3293 7159
3293 7160
3292 7160
4 4
0 0
10000 0
10000 10000
0 10000
4247 4053
4248 4053
4248 4054
4247 4054
4 4
0 0
10000 0
10000 10000
0 10000
5102 6609
5103 6609
5103 6610
5102 6610
4 4
0 0
10000 0
10000 10000
0 10000
7512 4146
7513 4146
7513 4147
7512 4147
4 4
0 0
10000 0
10000 10000
0 10000
6074 8798
6075 8798
6075 8799
6074 8799
4 4
0 0
10000 0
10000 10000
0 10000
6384 7941
6385 7941
6385 7942
6384 7942
4 4
0 0
10000 0
10000 10000
0 10000
452 4145
453 4145
453 4146
452 4146
4 4
0 0
10000 0
10000 10000
0 10000
837 9805
838 9805
838 9806
837 9806
4 4
0 0
10000 0
10000 10000
0 10000
7151 3040
7152 3040
7152 3041
7151 3041
4 4
0 0
10000 0
10000 10000
0 10000
8638 1001
8639 1001
8639 1002
8638 1002
4 4
0 0
10000 0
10000 10000
0 10000
4826 1201
4827 1201
4827 1202
4826 1202
4 4
0 0
10000 0
10000 10000
0 10000
6637 2021
6638 2021
6638 2022
6637 2022
4 4
0 0
10000 0
10000 10000
0 10000
7271 3390
7272 3390
7272 3391
7271 3391
4 4
0 0
10000 0
10000 10000
0 10000
7857 5880
7858 5880
7858 5881
7857 5881
4 4
0 0
10000 0
10000 10000
0 10000
1593 2989
1594 2989
1594 2990
1593 2990
4 4
0 0
10000 0
10000 10000
0 10000
5605 7446
5606 7446
5606 7447
5605 7447
4 4
0 0
10000 0
10000 10000
0 10000
562 7401
563 7401
563 7402
562 7402
4 4
0 0
10000 0
10000 10000
0 10000
1303 1837
1304 1837
1304 1838
1303 1838
4 4
0 0
10000 0
10000 10000
0 10000
1028 3850
1029 3850
1029 3851
1028 3851
4 4
0 0
10000 0
10000 10000
0 10000
1283 8196
1284 8196
1284 8197
1283 8197
4 4
0 0
10000 0
10000 10000
0 10000
901 815
902 815
902 816
901 816
4 4
0 0
10000 0
10000 10000
0 10000
3216 7117
3217 7117
3217 7118
3216 7118
4 4
0 0
10000 0
10000 10000
0 10000
5622 1977
5623 1977
5623 1978
5622 1978
4 4
0 0
10000 0
10000 10000
0 10000
2863 5010
2864 5010
2864 5011
2863 5011
4 4
0 0
10000 0
10000 10000
0 10000
4639 913
4640 913
4640 914
4639 914
4 4
0 0
10000 0
10000 10000
0 10000
159 5759
160 5759
160 5760
159 5760
4 4
0 0
10000 0
10000 10000
0 10000
772 7949
773 7949
773 7950
772 7950
4 4
0 0
10000 0
10000 10000
0 10000
7110 7578
7111 7578
7111 7579
7110 7579
4 4
0 0
10000 0
10000 10000
0 10000
694 8
695 8
695 9
694 9
4 4
0 0
10000 0
10000 10000
0 10000
7392 8324
7393 8324
7393 8325
7392 8325
4 4
0 0
10000 0
10000 10000
0 10000
5250 3095
5251 3095
5251 3096
5250 3096
4 4
0 0
10000 0
10000 10000
0 10000
611 8566
612 8566
612 8567
611 8567
4 4
0 0
10000 0
10000 10000
0 10000
6024 5175
6025 5175
6025 5176
6024 5176
4 4
0 0
10000 0
10000 10000
0 10000
3324 3286
3325 3286
3325 3287
3324 3287
4 4
0 0
10000 0
10000 10000
0 10000
7993 8817
7994 8817
7994 8818
7993 8818
4 4
0 0
10000 0
10000 10000
0 10000
8964 3148
8965 3148
8965 3149
8964 3149
4 4
0 0
10000 0
10000 10000
0 10000
5150 4200
5151 4200
5151 4201
5150 4201
0 0
