4 4
4878 2031
4879 2031
4879 2032
4878 2032
0 0
10000 0
10000 10000
0 10000
4 4
5897 7173
5898 7173
5898 7174
5897 7174
0 0
10000 0
10000 10000
0 10000
4 4
4956 7065
4957 7065
4957 7066
4956 7066
0 0
10000 0
10000 10000
0 10000
4 4
3603 20
3604 20
3604 21
3603 21
0 0
10000 0
10000 10000
0 10000
4 4
2826 8478
2827 8478
2827 8479
2826 8479
0 0
10000 0
10000 10000
0 10000
4 4
9541 6899
9542 6899
9542 6900
9541 6900
0 0
10000 0
10000 10000
0 10000
4 4
2112 4667
2113 4667
2113 4668
2112 4668
0 0
10000 0
10000 10000
0 10000
4 4
7428 9079
7429 9079
7429 9080
7428 9080
0 0
10000 0
10000 10000
0 10000
4 4
4192 8115
4193 8115
4193 8116
4192 8116
0 0
10000 0
10000 10000
0 10000
4 4
9070 2632
9071 2632
9071 2633
9070 2633
0 0
10000 0
10000 10000
0 10000
4 4
6510 9075
6511 9075
6511 9076
6510 9076
0 0
10000 0
10000 10000
0 10000
4 4
7777 2384
7778 2384
7778 2385
7777 2385
0 0
10000 0
10000 10000
0 10000
4 4
9978 9232
9979 9232
9979 9233
9978 9233
0 0
10000 0
10000 10000
0 10000
4 4
2854 4817
2855 4817
2855 4818
2854 4818
0 0
10000 0
10000 10000
0 10000
4 4
38 904
39 904
39 905
38 905
0 0
10000 0
10000 10000
0 10000
4 4
2033 2252
2034 2252
2034 2253
2033 2253
0 0
10000 0
10000 10000
0 10000
4 4
568 5323
569 5323
569 5324
568 5324
0 0
10000 0
10000 10000
0 10000
4 4
3058 9962
3059 9962
3059 9963
3058 9963
0 0
10000 0
10000 10000
0 10000
4 4
5088 1765
5089 1765
5089 1766
5088 1766
0 0
10000 0
10000 10000
0 10000
4 4
9337 8814
9338 8814
9338 8815
9337 8815
0 0
10000 0
10000 10000
0 10000
4 4
2615 1205
2616 1205
2616 1206
2615 1206
0 0
10000 0
10000 10000
0 10000
4 4
3408 6194
3409 6194
3409 6195
3408 6195
0 0
10000 0
10000 10000
0 10000
4 4
6092 5479
6093 5479
6093 5480
6092 5480
0 0
10000 0
10000 10000
0 10000
4 4
2702 7378
2703 7378
2703 7379
2702 7379
0 0
10000 0
10000 10000
0 10000
4 4
7469 4266
7470 4266
7470 4267
7469 4267
0 0
10000 0
10000 10000
0 10000
4 4
7943 8508
7944 8508
7944 8509
7943 8509
0 0
10000 0
10000 10000
0 10000
4 4
8197 1357
8198 1357
8198 1358
8197 1358
0 0
10000 0
10000 10000
0 10000
4 4
2524 4653
2525 4653
2525 4654
2524 4654
0 0
10000 0
10000 10000
0 10000
4 4
1748 2590
1749 2590
1749 2591
1748 2591
0 0
10000 0
10000 10000
0 10000
4 4
5867 383
5868 383
5868 384
5867 384
0 0
10000 0
10000 10000
0 10000
4 4
9183 7130
9184 7130
9184 7131
9183 7131
0 0
10000 0
10000 10000
0 10000
4 4
1615 7639
1616 7639
1616 7640
1615 7640
0 0
10000 0
10000 10000
0 10000
4 4
4553 7186
4554 7186
4554 7187
4553 7187
0 0
10000 0
10000 10000
0 10000
4 4
4737 4560
4738 4560
4738 4561
4737 4561
0 0
10000 0
10000 10000
0 10000
4 4
8647 5170
8648 5170
8648 5171
8647 5171
0 0
10000 0
10000 10000
0 10000
4 4
8587 5195
8588 5195
8588 5196
8587 5196
0 0
10000 0
10000 10000
0 10000
4 4
4959 5153
4960 5153
4960 5154
4959 5154
0 0
10000 0
10000 10000
0 10000
4 4
8067 7659
8068 7659
8068 7660
8067 7660
0 0
10000 0
10000 10000
0 10000
4 4
9788 867
9789 867
9789 868
9788 868
0 0
10000 0
10000 10000
0 10000
4 4
2320 5607
2321 5607
2321 5608
2320 5608
0 0
10000 0
10000 10000
0 10000
4 4
9877 2033
9878 2033
9878 2034
9877 2034
0 0
10000 0
10000 10000
0 10000
4 4
3110 58
3111 58
3111 59
3110 59
0 0
10000 0
10000 10000
0 10000
4 4
1386 1753
1387 1753
1387 1754
1386 1754
0 0
10000 0
10000 10000
0 10000
4 4
1048 4377
1049 4377
1049 4378
1048 4378
0 0
10000 0
10000 10000
0 10000
4 4
8403 9965
8404 9965
8404 9966
8403 9966
0 0
10000 0
10000 10000
0 10000
4 4
7294 1346
7295 1346
7295 1347
7294 1347
0 0
10000 0
10000 10000
0 10000
4 4
3522 2382
3523 2382
3523 2383
3522 2383
0 0
10000 0
10000 10000
0 10000
4 4
6798 3407
6799 3407
6799 3408
6798 3408
0 0
10000 0
10000 10000
0 10000
4 4
7773 9661
7774 9661
7774 9662
7773 9662
0 0
10000 0
10000 10000
0 10000
4 4
2194 775
2195 775
2195 776
2194 776
0 0
10000 0
10000 10000
0 10000
4 4
3237 7287
3238 7287
3238 7288
3237 7288
0 0
10000 0
10000 10000
0 10000
4 4
4082 509
4083 509
4083 510
4082 510
0 0
10000 0
10000 10000
0 10000
4 4
5434 7324
5435 7324
5435 7325
5434 7325
0 0
10000 0
10000 10000
0 10000
4 4
2955 8214
2956 8214
2956 8215
2955 8215
0 0
10000 0
10000 10000
0 10000
4 4
1340 9024
1341 9024
1341 9025
1340 9025
0 0
10000 0
10000 10000
0 10000
4 4
6826 3654
6827 3654
6827 3655
6826 3655
0 0
10000 0
10000 10000
0 10000
4 4
7109 9866
7110 9866
7110 9867
7109 9867
0 0
10000 0
10000 10000
0 10000
4 4
8062 1671
8063 1671
8063 1672
8062 1672
0 0
10000 0
10000 10000
0 10000
4 4
9850 4626
9851 4626
9851 4627
9850 4627
0 0
10000 0
10000 10000
0 10000
4 4
9690 6370
9691 6370
9691 6371
9690 6371
0 0
10000 0
10000 10000
0 10000
4 4
4399 8884
4400 8884
4400 8885
4399 8885
0 0
10000 0
10000 10000
0 10000
4 4
4344 3890
4345 3890
4345 3891
4344 3891
0 0
10000 0
10000 10000
0 10000
4 4
4160 4790
4161 4790
4161 4791
4160 4791
0 0
10000 0
10000 10000
0 10000
4 4
195 296
196 296
196 297
195 297
0 0
10000 0
10000 10000
0 10000
4 4
2025 8307
2026 8307
2026 8308
2025 8308
0 0
10000 0
10000 10000
0 10000
4 4
5197 8022
5198 8022
5198 8023
5197 8023
0 0
10000 0
10000 10000
0 10000
4 4
8463 8888
8464 8888
8464 8889
8463 8889
0 0
10000 0
10000 10000
0 10000
4 4
5501 2253
5502 2253
5502 2254
5501 2254
0 0
10000 0
10000 10000
0 10000
4 4
9393 5801
9394 5801
9394 5802
9393 5802
0 0
10000 0
10000 10000
0 10000
4 4
1607 2222
1608 2222
1608 2223
1607 2223
0 0
10000 0
10000 10000
0 10000
4 4
1343 7021
1344 7021
1344 7022
1343 7022
0 0
10000 0
10000 10000
0 10000
4 4
8594 8629
8595 8629
8595 8630
8594 8630
0 0
10000 0
10000 10000
0 10000
4 4
2845 8282
2846 8282
2846 8283
2845 8283
0 0
10000 0
10000 10000
0 10000
4 4
3333 8253
3334 8253
3334 8254
3333 8254
0 0
10000 0
10000 10000
0 10000
4 4
3877 146
3878 146
3878 147
3877 147
0 0
10000 0
10000 10000
0 10000
4 4
3270 6698
3271 6698
3271 6699
3270 6699
0 0
10000 0
10000 10000
0 10000
4 4
8954 655
8955 655
8955 656
8954 656
0 0
10000 0
10000 10000
0 10000
4 4
6974 2551
6975 2551
6975 2552
6974 2552
0 0
10000 0
10000 10000
0 10000
4 4
6180 5369
6181 5369
6181 5370
6180 5370
0 0
10000 0
10000 10000
0 10000
4 4
9851 7735
9852 7735
9852 7736
9851 7736
0 0
10000 0
10000 10000
0 10000
4 4
5399 925
5400 925
5400 926
5399 926
0 0
10000 0
10000 10000
0 10000
4 4
355 325
356 325
356 326
355 326
0 0
10000 0
10000 10000
0 10000
4 4
2390 8881
2391 8881
2391 8882
2390 8882
0 0
10000 0
10000 10000
0 10000
4 4
892 6069
893 6069
893 6070
892 6070
0 0
10000 0
10000 10000
0 10000
4 4
8632 5135
8633 5135
8633 5136
8632 5136
0 0
10000 0
10000 10000
0 10000
4 4
7009 3854
7010 3854
7010 3855
7009 3855
0 0
10000 0
10000 10000
0 10000
4 4
4980 9075
4981 9075
4981 9076
4980 9076
0 0
10000 0
10000 10000
0 10000
4 4
226 7535
227 7535
227 7536
226 7536
0 0
10000 0
10000 10000
0 10000
4 4
3327 6695
3328 6695
3328 6696
3327 6696
0 0
10000 0
10000 10000
0 10000
4 4
4996 9467
4997 9467
4997 9468
4996 9468
0 0
10000 0
10000 10000
0 10000
4 4
3305 3649
3306 3649
3306 3650
3305 3650
0 0
10000 0
10000 10000
0 10000
4 4
355 2996
356 2996
356 2997
355 2997
0 0
10000 0
10000 10000
0 10000
4 4
6547 4641
6548 4641
6548 4642
6547 4642
0 0
10000 0
10000 10000
0 10000
4 4
8456 5750
8457 5750
8457 5751
8456 5751
0 0
10000 0
10000 10000
0 10000
4 4
1583 8854
1584 8854
1584 8855
1583 8855
0 0
10000 0
10000 10000
0 10000
4 4
1924 2864
1925 2864
1925 2865
1924 2865
0 0
10000 0
10000 10000
0 10000
4 4
8564 8164
8565 8164
8565 8165
8564 8165
0 0
10000 0
10000 10000
0 10000
4 4
699 6566
700 6566
700 6567
699 6567
0 0
10000 0
10000 10000
0 10000
4 4
6172 933
6173 933
6173 934
6172 934
0 0
10000 0
10000 10000
0 10000
4 4
7044 1495
7045 1495
7045 1496
7044 1496
0 0
10000 0
10000 10000
0 10000
0 0
