4 4
6093 5571
6094 5571
6094 5572
6093 5572
373 7388
374 7388
374 7389
373 7389
4 4
348 9259
349 9259
349 9260
348 9260
7839 80
7840 80
7840 81
7839 81
4 4
5255 1249
5256 1249
5256 1250
5255 1250
458 1657
459 1657
459 1658
458 1658
4 4
7277 7169
7278 7169
7278 7170
7277 7170
9628 4865
9629 4865
9629 4866
9628 4866
4 4
3217 2316
3218 2316
3218 2317
3217 2317
9443 752
9444 752
9444 753
9443 753
4 4
700 431
701 431
701 432
700 432
5847 347
5848 347
5848 348
5847 348
4 4
7046 7437
7047 7437
7047 7438
7046 7438
2373 8299
2374 8299
2374 8300
2373 8300
4 4
327 9881
328 9881
328 9882
327 9882
340 1630
341 1630
341 1631
340 1631
4 4
4696 6025
4697 6025
4697 6026
4696 6026
5555 8690
5556 8690
5556 8691
5555 8691
4 4
1128 6961
1129 6961
1129 6962
1128 6962
8962 1699
8963 1699
8963 1700
8962 1700
4 4
5541 1379
5542 1379
5542 1380
5541 1380
3831 1325
3832 1325
3832 1326
3831 1326
4 4
3570 2457
3571 2457
3571 2458
3570 2458
9597 9314
9598 9314
9598 9315
9597 9315
4 4
2568 5566
2569 5566
2569 5567
2568 5567
6539 4447
6540 4447
6540 4448
6539 4448
4 4
7740 1433
7741 1433
7741 1434
7740 1434
4062 2939
4063 2939
4063 2940
4062 2940
4 4
1245 6834
1246 6834
1246 6835
1245 6835
2015 3235
2016 3235
2016 3236
2015 3236
4 4
7983 3092
7984 3092
7984 3093
7983 3093
1027 590
1028 590
1028 591
1027 591
4 4
3823 3682
3824 3682
3824 3683
3823 3683
5138 6159
5139 6159
5139 6160
5138 6160
4 4
6289 881
6290 881
6290 882
6289 882
9413 8127
9414 8127
9414 8128
9413 8128
4 4
3043 6577
3044 6577
3044 6578
3043 6578
5785 3185
5786 3185
5786 3186
5785 3186
4 4
5713 9206
5714 9206
5714 9207
5713 9207
4750 5576
4751 5576
4751 5577
4750 5577
4 4
768 3013
769 3013
769 3014
768 3014
773 8143
774 8143
774 8144
773 8144
4 4
1286 3946
1287 3946
1287 3947
1286 3947
9315 6925
9316 6925
9316 6926
9315 6926
4 4
925 8843
926 8843
926 8844
925 8844
4074 2151
4075 2151
4075 2152
4074 2152
4 4
1137 8688
1138 8688
1138 8689
1137 8689
7878 2586
7879 2586
7879 2587
7878 2587
4 4
9197 2536
9198 2536
9198 2537
9197 2537
5819 7341
5820 7341
5820 7342
5819 7342
4 4
193 3784
194 3784
194 3785
193 3785
4340 6276
4341 6276
4341 6277
4340 6277
4 4
6501 2250
6502 2250
6502 2251
6501 2251
9281 2405
9282 2405
9282 2406
9281 2406
4 4
424 4215
425 4215
425 4216
424 4216
9198 4250
9199 4250
9199 4251
9198 4251
4 4
848 5413
849 5413
849 5414
848 5414
8455 139
8456 139
8456 140
8455 140
4 4
9551 2216
9552 2216
9552 2217
9551 2217
4179 8968
4180 8968
4180 8969
4179 8969
4 4
7813 4298
7814 4298
7814 4299
7813 4299
3937 9322
3938 9322
3938 9323
3937 9323
4 4
7611 4653
7612 4653
7612 4654
7611 4654
2003 3955
2004 3955
2004 3956
2003 3956
4 4
7152 9694
7153 9694
7153 9695
7152 9695
740 9158
741 9158
741 9159
740 9159
4 4
9596 4069
9597 4069
9597 4070
9596 4070
2080 3526
2081 3526
2081 3527
2080 3527
4 4
3624 2677
3625 2677
3625 2678
3624 2678
4196 3894
4197 3894
4197 3895
4196 3895
4 4
1442 6574
1443 6574
1443 6575
1442 6575
7551 7988
7552 7988
7552 7989
7551 7989
4 4
6922 6661
6923 6661
6923 6662
6922 6662
9741 7854
9742 7854
9742 7855
9741 7855
4 4
2033 9208
2034 9208
2034 9209
2033 9209
2645 4826
2646 4826
2646 4827
2645 4827
4 4
3599 1142
3600 1142
3600 1143
3599 1143
8738 7922
8739 7922
8739 7923
8738 7923
4 4
6895 1981
6896 1981
6896 1982
6895 1982
6482 7596
6483 7596
6483 7597
6482 7597
4 4
6550 4927
6551 4927
6551 4928
6550 4928
491 6477
492 6477
492 6478
491 6478
4 4
4749 1193
4750 1193
4750 1194
4749 1194
1078 7275
1079 7275
1079 7276
1078 7276
4 4
3462 8663
3463 8663
3463 8664
3462 8664
9736 3848
9737 3848
9737 3849
9736 3849
4 4
1235 3123
1236 3123
1236 3124
1235 3124
4985 1127
4986 1127
4986 1128
4985 1128
4 4
1052 5476
1053 5476
1053 5477
1052 5477
7106 4777
7107 4777
7107 4778
7106 4778
4 4
6033 4169
6034 4169
6034 4170
6033 4170
2485 1242
2486 1242
2486 1243
2485 1243
4 4
1455 1289
1456 1289
1456 1290
1455 1290
3145 6935
3146 6935
3146 6936
3145 6936
4 4
9339 2526
9340 2526
9340 2527
9339 2527
1147 2717
1148 2717
1148 2718
1147 2718
4 4
4931 1613
4932 1613
4932 1614
4931 1614
4079 12
4080 12
4080 13
4079 13
4 4
3517 8428
3518 8428
3518 8429
3517 8429
3932 6186
3933 6186
3933 6187
3932 6187
4 4
695 8377
696 8377
696 8378
695 8378
1486 2662
1487 2662
1487 2663
1486 2663
4 4
1480 6491
1481 6491
1481 6492
1480 6492
7687 6301
7688 6301
7688 6302
7687 6302
4 4
555 378
556 378
556 379
555 379
9879 304
9880 304
9880 305
9879 305
4 4
4106 7897
4107 7897
4107 7898
4106 7898
8020 1640
8021 1640
8021 1641
8020 1641
4 4
1402 9218
1403 9218
1403 9219
1402 9219
3923 3872
3924 3872
3924 3873
3923 3873
4 4
9196 8296
9197 8296
9197 8297
9196 8297
5741 2780
5742 2780
5742 2781
5741 2781
4 4
1129 5321
1130 5321
1130 5322
1129 5322
8719 7332
8720 7332
8720 7333
8719 7333
4 4
2680 1600
2681 1600
2681 1601
2680 1601
5418 8497
5419 8497
5419 8498
5418 8498
4 4
5750 3699
5751 3699
5751 3700
5750 3700
101 2338
102 2338
102 2339
101 2339
4 4
8661 5033
8662 5033
8662 5034
8661 5034
1854 3059
1855 3059
1855 3060
1854 3060
4 4
5639 2422
5640 2422
5640 2423
5639 2423
2791 959
2792 959
2792 960
2791 960
4 4
746 9777
747 9777
747 9778
746 9778
3119 8659
3120 8659
3120 8660
3119 8660
4 4
9687 7650
9688 7650
9688 7651
9687 7651
3247 8151
3248 8151
3248 8152
3247 8152
4 4
4321 1452
4322 1452
4322 1453
4321 1453
5406 6828
5407 6828
5407 6829
5406 6829
4 4
8312 8105
8313 8105
8313 8106
8312 8106
6957 4619
6958 4619
6958 4620
6957 4620
4 4
2329 7512
2330 7512
2330 7513
2329 7513
8661 1434
8662 1434
8662 1435
8661 1435
4 4
146 7568
147 7568
147 7569
146 7569
4349 9302
4350 9302
4350 9303
4349 9303
4 4
8049 6625
8050 6625
8050 6626
8049 6626
67 5377
68 5377
68 5378
67 5378
4 4
3806 7161
3807 7161
3807 7162
3806 7162
1440 284
1441 284
1441 285
1440 285
4 4
4097 3873
4098 3873
4098 3874
4097 3874
5222 3258
5223 3258
5223 3259
5222 3259
4 4
5863 9638
5864 9638
5864 9639
5863 9639
9745 3032
9746 3032
9746 3033
9745 3033
4 4
177 8007
178 8007
178 8008
177 8008
2666 714
2667 714
2667 715
2666 715
4 4
9370 7451
9371 7451
9371 7452
9370 7452
560 1209
561 1209
561 1210
560 1210
4 4
3845 9683
3846 9683
3846 9684
3845 9684
5675 9807
5676 9807
5676 9808
5675 9808
4 4
208 7504
209 7504
209 7505
208 7505
3758 964
3759 964
3759 965
3758 965
4 4
2309 4692
2310 4692
2310 4693
2309 4693
4701 4295
4702 4295
4702 4296
4701 4296
4 4
51 5759
52 5759
52 5760
51 5760
3920 4428
3921 4428
3921 4429
3920 4429
4 4
5805 5772
5806 5772
5806 5773
5805 5773
5520 9212
5521 9212
5521 9213
5520 9213
4 4
2460 357
2461 357
2461 358
2460 358
6822 2754
6823 2754
6823 2755
6822 2755
4 4
1542 3595
1543 3595
1543 3596
1542 3596
4952 9563
4953 9563
4953 9564
4952 9564
4 4
2710 4304
2711 4304
2711 4305
2710 4305
7442 8018
7443 8018
7443 8019
7442 8019
4 4
9593 2752
9594 2752
9594 2753
9593 2753
9929 322
9930 322
9930 323
9929 323
4 4
5474 5044
5475 5044
5475 5045
5474 5045
9419 5997
9420 5997
9420 5998
9419 5998
4 4
7868 6248
7869 6248
7869 6249
7868 6249
9563 1714
9564 1714
9564 1715
9563 1715
4 4
3351 3024
3352 3024
3352 3025
3351 3025
8032 8906
8033 8906
8033 8907
8032 8907
4 4
8715 7048
8716 7048
8716 7049
8715 7049
8566 3357
8567 3357
8567 3358
8566 3358
4 4
5781 1473
5782 1473
5782 1474
5781 1474
8693 2526
8694 2526
8694 2527
8693 2527
4 4
5666 9525
5667 9525
5667 9526
5666 9526
2954 5904
2955 5904
2955 5905
2954 5905
4 4
4747 7045
4748 7045
4748 7046
4747 7046
7444 7402
7445 7402
7445 7403
7444 7403
4 4
9988 8249
9989 8249
9989 8250
9988 8250
3572 7490
3573 7490
3573 7491
3572 7491
4 4
7992 5044
7993 5044
7993 5045
7992 5045
778 5728
779 5728
779 5729
778 5729
4 4
7957 3300
7958 3300
7958 3301
7957 3301
2184 3405
2185 3405
2185 3406
2184 3406
4 4
5429 3119
5430 3119
5430 3120
5429 3120
1204 9573
1205 9573
1205 9574
1204 9574
4 4
3680 69
3681 69
3681 70
3680 70
2059 4637
2060 4637
2060 4638
2059 4638
4 4
5789 2786
5790 2786
5790 2787
5789 2787
979 7474
980 7474
980 7475
979 7475
4 4
2955 16
2956 16
2956 17
2955 17
5541 9191
5542 9191
5542 9192
5541 9192
4 4
8455 8743
8456 8743
8456 8744
8455 8744
8526 7096
8527 7096
8527 7097
8526 7097
4 4
6731 1653
6732 1653
6732 1654
6731 1654
6424 5422
6425 5422
6425 5423
6424 5423
4 4
4546 8403
4547 8403
4547 8404
4546 8404
1875 3852
1876 3852
1876 3853
1875 3853
4 4
191 1158
192 1158
192 1159
191 1159
9951 5208
9952 5208
9952 5209
9951 5209
0 0
