100 100
8451 9589
8428 9588
8412 9587
8399 9586
8389 9585
8376 9582
8352 9575
8327 9567
8302 9558
8278 9548
8260 9540
8247 9534
8222 9522
8203 9512
8180 9499
8159 9487
8142 9477
8120 9463
8100 9449
8077 9432
8052 9413
8029 9394
8017 9384
7996 9366
7980 9351
7961 9333
7939 9310
7922 9291
7909 9276
7892 9256
7885 9247
7882 9243
7871 9228
7853 9203
7838 9181
7827 9164
7815 9145
7804 9124
7800 9115
7789 9090
7779 9067
7772 9048
7766 9031
7759 9011
7751 8988
7745 8969
7742 8956
7737 8934
7733 8915
7730 8895
7729 8885
7728 8860
7749 8861
7770 8863
7792 8869
7809 8874
7825 8879
7847 8887
7867 8895
7888 8906
7901 8914
7915 8923
7928 8932
7945 8944
7963 8957
7974 8965
7989 8976
8012 8993
8029 9006
8052 9024
8073 9041
8096 9060
8116 9077
8133 9092
8142 9100
8166 9122
8189 9144
8205 9161
8213 9170
8233 9193
8246 9208
8263 9228
8284 9253
8301 9274
8319 9297
8331 9314
8345 9334
8362 9359
8374 9378
8384 9394
8392 9407
8400 9422
8409 9439
8420 9460
8426 9473
8433 9495
8438 9512
8444 9537
8449 9559
8450 9568
8451 9589
8428 9588
8412 9587
8399 9586
8389 9585
8376 9582
8352 9575
8327 9567
8302 9558
8278 9548
8260 9540
8247 9534
8222 9522
8203 9512
8180 9499
8159 9487
8142 9477
8120 9463
8100 9449
8077 9432
8052 9413
8029 9394
8017 9384
7996 9366
7980 9351
7961 9333
7939 9310
7922 9291
7909 9276
7892 9256
7885 9247
7882 9243
7871 9228
7853 9203
7838 9181
7827 9164
7815 9145
7804 9124
7800 9115
7789 9090
7779 9067
7772 9048
7766 9031
7759 9011
7751 8988
7745 8969
7742 8956
7737 8934
7733 8915
7730 8895
7729 8885
7728 8860
7749 8861
7770 8863
7792 8869
7809 8874
7825 8879
7847 8887
7867 8895
7888 8906
7901 8914
7915 8923
7928 8932
7945 8944
7963 8957
7974 8965
7989 8976
8012 8993
8029 9006
8052 9024
8073 9041
8096 9060
8116 9077
8133 9092
8142 9100
8166 9122
8189 9144
8205 9161
8213 9170
8233 9193
8246 9208
8263 9228
8284 9253
8301 9274
8319 9297
8331 9314
8345 9334
8362 9359
8374 9378
8384 9394
8392 9407
8400 9422
8409 9439
8420 9460
8426 9473
8433 9495
8438 9512
8444 9537
8449 9559
8450 9568
100 100
5608 3977
5583 3976
5559 3975
5539 3974
5521 3973
5506 3972
5492 3971
5473 3967
5457 3962
5440 3956
5422 3949
5399 3940
5378 3931
5353 3919
5334 3909
5317 3898
5292 3881
5272 3867
5247 3849
5225 3833
5201 3814
5181 3797
5162 3780
5140 3760
5117 3739
5097 3720
5074 3696
5060 3681
5044 3662
5029 3643
5016 3626
5000 3605
4988 3589
4983 3582
4974 3568
4962 3549
4948 3526
4938 3508
4925 3484
4914 3461
4905 3441
4899 3425
4892 3406
4885 3383
4880 3363
4876 3343
4873 3326
4869 3303
4867 3290
4865 3272
4863 3253
4862 3236
4878 3237
4901 3239
4918 3241
4937 3244
4959 3253
4981 3263
5006 3276
5027 3287
5042 3295
5062 3306
5081 3317
5094 3325
5109 3335
5134 3352
5156 3367
5172 3378
5196 3395
5221 3413
5246 3432
5260 3443
5284 3462
5307 3481
5326 3497
5341 3510
5356 3524
5373 3540
5396 3564
5418 3587
5429 3600
5438 3611
5453 3630
5466 3647
5478 3664
5491 3683
5508 3708
5524 3733
5532 3746
5543 3764
5556 3787
5565 3809
5571 3826
5579 3849
5587 3874
5592 3890
5596 3903
5600 3921
5604 3940
5606 3953
5608 3977
5583 3976
5559 3975
5539 3974
5521 3973
5506 3972
5492 3971
5473 3967
5457 3962
5440 3956
5422 3949
5399 3940
5378 3931
5353 3919
5334 3909
5317 3898
5292 3881
5272 3867
5247 3849
5225 3833
5201 3814
5181 3797
5162 3780
5140 3760
5117 3739
5097 3720
5074 3696
5060 3681
5044 3662
5029 3643
5016 3626
5000 3605
4988 3589
4983 3582
4974 3568
4962 3549
4948 3526
4938 3508
4925 3484
4914 3461
4905 3441
4899 3425
4892 3406
4885 3383
4880 3363
4876 3343
4873 3326
4869 3303
4867 3290
4865 3272
4863 3253
4862 3236
4878 3237
4901 3239
4918 3241
4937 3244
4959 3253
4981 3263
5006 3276
5027 3287
5042 3295
5062 3306
5081 3317
5094 3325
5109 3335
5134 3352
5156 3367
5172 3378
5196 3395
5221 3413
5246 3432
5260 3443
5284 3462
5307 3481
5326 3497
5341 3510
5356 3524
5373 3540
5396 3564
5418 3587
5429 3600
5438 3611
5453 3630
5466 3647
5478 3664
5491 3683
5508 3708
5524 3733
5532 3746
5543 3764
5556 3787
5565 3809
5571 3826
5579 3849
5587 3874
5592 3890
5596 3903
5600 3921
5604 3940
5606 3953
100 100
6241 8153
6226 8152
6215 8151
6196 8149
6173 8146
6158 8144
6139 8141
6121 8137
6104 8133
6100 8132
6082 8127
6068 8123
6049 8117
6037 8113
6018 8106
6000 8099
5985 8092
5966 8083
5945 8072
5928 8062
5908 8050
5892 8039
5874 8026
5849 8005
5827 7986
5804 7966
5795 7958
5782 7946
5766 7929
5753 7915
5743 7904
5726 7885
5705 7860
5690 7842
5677 7826
5663 7808
5653 7795
5639 7774
5624 7751
5617 7740
5610 7727
5602 7710
5591 7686
5581 7663
5571 7638
5562 7615
5557 7601
5550 7577
5544 7554
5539 7532
5536 7518
5535 7504
5559 7505
5582 7506
5602 7507
5617 7509
5631 7512
5641 7515
5666 7523
5683 7529
5704 7537
5727 7546
5751 7556
5767 7563
5791 7574
5806 7581
5831 7594
5850 7604
5867 7614
5885 7625
5894 7631
5910 7642
5923 7652
5940 7666
5954 7678
5976 7697
5991 7710
6014 7732
6039 7756
6048 7767
6067 7791
6077 7804
6090 7822
6104 7842
6120 7865
6131 7881
6140 7895
6153 7917
6167 7941
6178 7960
6190 7981
6203 8004
6214 8024
6223 8041
6227 8049
6232 8066
6237 8089
6240 8107
6243 8129
6244 8153
6241 8153
6226 8152
6215 8151
6196 8149
6173 8146
6158 8144
6139 8141
6121 8137
6104 8133
6100 8132
6082 8127
6068 8123
6049 8117
6037 8113
6018 8106
6000 8099
5985 8092
5966 8083
5945 8072
5928 8062
5908 8050
5892 8039
5874 8026
5849 8005
5827 7986
5804 7966
5795 7958
5782 7946
5766 7929
5753 7915
5743 7904
5726 7885
5705 7860
5690 7842
5677 7826
5663 7808
5653 7795
5639 7774
5624 7751
5617 7740
5610 7727
5602 7710
5591 7686
5581 7663
5571 7638
5562 7615
5557 7601
5550 7577
5544 7554
5539 7532
5536 7518
5535 7504
5559 7505
5582 7506
5602 7507
5617 7509
5631 7512
5641 7515
5666 7523
5683 7529
5704 7537
5727 7546
5751 7556
5767 7563
5791 7574
5806 7581
5831 7594
5850 7604
5867 7614
5885 7625
5894 7631
5910 7642
5923 7652
5940 7666
5954 7678
5976 7697
5991 7710
6014 7732
6039 7756
6048 7767
6067 7791
6077 7804
6090 7822
6104 7842
6120 7865
6131 7881
6140 7895
6153 7917
6167 7941
6178 7960
6190 7981
6203 8004
6214 8024
6223 8041
6227 8049
6232 8066
6237 8089
6240 8107
6243 8129
6244 8153
100 100
1851 7168
1833 7167
1810 7165
1788 7163
1768 7161
1743 7158
1727 7155
1713 7152
1688 7146
1669 7141
1645 7134
1629 7129
1607 7120
1588 7112
1568 7101
1551 7091
1527 7075
1502 7058
1477 7040
1462 7029
1445 7016
1423 6997
1404 6980
1382 6957
1364 6938
1347 6920
1333 6905
1321 6892
1298 6867
1283 6849
1270 6833
1251 6809
1238 6791
1231 6781
1221 6765
1213 6750
1203 6729
1198 6718
1191 6702
1184 6685
1175 6663
1171 6652
1165 6633
1161 6620
1155 6595
1150 6572
1147 6555
1144 6536
1142 6523
1139 6503
1136 6478
1135 6461
1149 6462
1168 6464
1185 6467
1201 6470
1220 6475
1243 6484
1262 6492
1283 6502
1306 6513
1328 6525
1350 6538
1373 6552
1394 6565
1412 6577
1434 6592
1452 6605
1467 6616
1486 6630
1509 6647
1523 6658
1531 6665
1556 6687
1576 6705
1594 6722
1602 6730
1617 6746
1629 6759
1649 6781
1668 6802
1683 6819
1703 6842
1716 6857
1735 6880
1749 6899
1766 6923
1773 6933
1786 6953
1798 6978
1807 6997
1815 7016
1822 7033
1827 7046
1830 7055
1837 7079
1844 7104
1847 7122
1849 7139
1850 7152
1851 7168
1833 7167
1810 7165
1788 7163
1768 7161
1743 7158
1727 7155
1713 7152
1688 7146
1669 7141
1645 7134
1629 7129
1607 7120
1588 7112
1568 7101
1551 7091
1527 7075
1502 7058
1477 7040
1462 7029
1445 7016
1423 6997
1404 6980
1382 6957
1364 6938
1347 6920
1333 6905
1321 6892
1298 6867
1283 6849
1270 6833
1251 6809
1238 6791
1231 6781
1221 6765
1213 6750
1203 6729
1198 6718
1191 6702
1184 6685
1175 6663
1171 6652
1165 6633
1161 6620
1155 6595
1150 6572
1147 6555
1144 6536
1142 6523
1139 6503
1136 6478
1135 6461
1149 6462
1168 6464
1185 6467
1201 6470
1220 6475
1243 6484
1262 6492
1283 6502
1306 6513
1328 6525
1350 6538
1373 6552
1394 6565
1412 6577
1434 6592
1452 6605
1467 6616
1486 6630
1509 6647
1523 6658
1531 6665
1556 6687
1576 6705
1594 6722
1602 6730
1617 6746
1629 6759
1649 6781
1668 6802
1683 6819
1703 6842
1716 6857
1735 6880
1749 6899
1766 6923
1773 6933
1786 6953
1798 6978
1807 6997
1815 7016
1822 7033
1827 7046
1830 7055
1837 7079
1844 7104
1847 7122
1849 7139
1850 7152
100 100
4036 6136
4021 6134
4001 6131
3976 6127
3953 6123
3932 6119
3913 6115
3888 6109
3871 6104
3848 6096
3831 6090
3806 6077
3793 6070
3776 6060
3754 6047
3734 6034
3715 6021
3699 6010
3679 5996
3658 5980
3634 5961
3621 5950
3596 5928
3580 5913
3562 5896
3540 5875
3522 5856
3502 5833
3490 5819
3469 5794
3466 5790
3449 5767
3438 5752
3434 5745
3425 5729
3412 5705
3399 5680
3396 5674
3385 5650
3378 5634
3375 5627
3370 5615
3363 5598
3357 5579
3352 5556
3350 5544
3347 5524
3344 5501
3342 5482
3341 5465
3340 5440
3340 5431
3356 5432
3370 5433
3389 5435
3414 5439
3432 5442
3451 5446
3474 5453
3493 5459
3518 5468
3541 5478
3552 5483
3569 5491
3588 5500
3601 5507
3626 5521
3649 5535
3672 5550
3680 5556
3698 5570
3723 5591
3743 5608
3765 5627
3782 5642
3791 5650
3809 5667
3829 5686
3850 5706
3874 5731
3895 5753
3915 5774
3928 5789
3937 5803
3949 5822
3953 5829
3965 5853
3970 5866
3978 5887
3985 5906
3994 5931
4002 5954
4009 5977
4016 6001
4019 6014
4023 6037
4027 6062
4030 6081
4032 6094
4034 6113
4036 6136
4021 6134
4001 6131
3976 6127
3953 6123
3932 6119
3913 6115
3888 6109
3871 6104
3848 6096
3831 6090
3806 6077
3793 6070
3776 6060
3754 6047
3734 6034
3715 6021
3699 6010
3679 5996
3658 5980
3634 5961
3621 5950
3596 5928
3580 5913
3562 5896
3540 5875
3522 5856
3502 5833
3490 5819
3469 5794
3466 5790
3449 5767
3438 5752
3434 5745
3425 5729
3412 5705
3399 5680
3396 5674
3385 5650
3378 5634
3375 5627
3370 5615
3363 5598
3357 5579
3352 5556
3350 5544
3347 5524
3344 5501
3342 5482
3341 5465
3340 5440
3340 5431
3356 5432
3370 5433
3389 5435
3414 5439
3432 5442
3451 5446
3474 5453
3493 5459
3518 5468
3541 5478
3552 5483
3569 5491
3588 5500
3601 5507
3626 5521
3649 5535
3672 5550
3680 5556
3698 5570
3723 5591
3743 5608
3765 5627
3782 5642
3791 5650
3809 5667
3829 5686
3850 5706
3874 5731
3895 5753
3915 5774
3928 5789
3937 5803
3949 5822
3953 5829
3965 5853
3970 5866
3978 5887
3985 5906
3994 5931
4002 5954
4009 5977
4016 6001
4019 6014
4023 6037
4027 6062
4030 6081
4032 6094
4034 6113
0 0
