500 500
6871 6730
6846 6729
6824 6728
6806 6727
6789 6726
6773 6725
6758 6724
6744 6723
6731 6722
6707 6720
6684 6718
6662 6716
6643 6714
6618 6711
6595 6708
6580 6706
6558 6703
6537 6700
6517 6697
6504 6695
6485 6692
6473 6690
6450 6686
6439 6684
6423 6681
6398 6676
6384 6673
6375 6671
6362 6668
6341 6663
6316 6657
6301 6653
6290 6650
6272 6645
6247 6638
6226 6632
6202 6625
6185 6620
6165 6614
6152 6610
6136 6605
6117 6599
6095 6592
6083 6588
6060 6580
6040 6573
6023 6567
6009 6562
5998 6558
5979 6551
5958 6543
5945 6538
5927 6531
5904 6522
5879 6512
5857 6503
5838 6495
5824 6489
5799 6478
5790 6474
5770 6465
5748 6455
5724 6444
5711 6438
5696 6431
5679 6423
5660 6414
5639 6404
5625 6397
5600 6384
5577 6372
5560 6363
5545 6355
5532 6348
5508 6335
5497 6329
5488 6324
5463 6310
5447 6301
5424 6288
5405 6277
5381 6263
5359 6250
5346 6242
5325 6229
5303 6215
5278 6199
5258 6186
5236 6171
5220 6160
5207 6151
5184 6135
5164 6121
5140 6104
5119 6089
5094 6071
5079 6060
5056 6043
5044 6034
5019 6015
4998 5999
4981 5986
4968 5976
4950 5962
4927 5944
4908 5929
4884 5910
4864 5894
4843 5877
4827 5864
4807 5847
4800 5841
4785 5828
4762 5808
4754 5801
4729 5779
4712 5764
4703 5756
4682 5737
4659 5716
4635 5694
4610 5671
4597 5659
4583 5646
4567 5631
4550 5615
4532 5598
4513 5580
4492 5560
4470 5539
4464 5533
4440 5508
4417 5484
4398 5464
4382 5447
4368 5432
4356 5419
4334 5395
4313 5372
4293 5350
4274 5329
4265 5319
4243 5294
4222 5270
4202 5247
4189 5232
4177 5218
4156 5193
4138 5171
4125 5155
4108 5134
4089 5110
4078 5096
4060 5073
4046 5055
4029 5033
4019 5020
4006 5003
3990 4982
3975 4962
3958 4939
3944 4920
3933 4905
3915 4880
3898 4856
3884 4836
3868 4813
3857 4797
3844 4778
3829 4756
3823 4747
3808 4724
3795 4704
3784 4687
3768 4662
3756 4643
3746 4627
3738 4614
3727 4596
3714 4574
3707 4562
3699 4548
3686 4525
3677 4509
3666 4489
3660 4478
3647 4454
3635 4431
3622 4406
3614 4390
3603 4367
3593 4346
3585 4329
3579 4316
3574 4305
3565 4285
3561 4276
3554 4260
3546 4241
3539 4224
3529 4199
3520 4176
3513 4158
3508 4145
3500 4124
3496 4113
3487 4088
3480 4068
3473 4047
3465 4022
3459 4003
3454 3987
3451 3977
3445 3956
3438 3931
3433 3913
3429 3898
3424 3878
3420 3861
3417 3848
3415 3839
3412 3825
3408 3806
3404 3785
3401 3769
3399 3758
3396 3741
3392 3718
3388 3693
3386 3680
3383 3660
3381 3646
3378 3624
3376 3609
3373 3586
3370 3561
3368 3544
3366 3526
3364 3507
3362 3484
3360 3460
3358 3435
3357 3420
3356 3404
3355 3386
3354 3365
3353 3342
3352 3318
3351 3293
3351 3282
3376 3283
3399 3284
3421 3285
3442 3286
3462 3287
3480 3288
3497 3289
3513 3290
3528 3291
3541 3292
3566 3294
3578 3295
3601 3297
3612 3298
3627 3300
3649 3303
3656 3304
3669 3306
3688 3309
3713 3313
3719 3314
3742 3318
3753 3320
3769 3323
3789 3327
3813 3332
3832 3336
3845 3339
3862 3343
3883 3348
3908 3354
3927 3359
3942 3363
3963 3369
3980 3374
3990 3377
4013 3384
4029 3389
4048 3395
4070 3402
4095 3410
4116 3417
4139 3425
4159 3432
4181 3440
4205 3449
4223 3456
4246 3465
4256 3469
4278 3478
4295 3485
4314 3493
4335 3502
4358 3512
4374 3519
4399 3530
4408 3534
4428 3543
4452 3554
4465 3560
4480 3567
4499 3576
4520 3586
4543 3597
4547 3599
4570 3611
4591 3622
4610 3632
4627 3641
4642 3649
4655 3656
4679 3669
4699 3680
4724 3694
4740 3703
4763 3716
4770 3720
4794 3734
4816 3747
4821 3750
4844 3764
4862 3775
4883 3788
4905 3802
4919 3811
4939 3824
4962 3839
4975 3848
4998 3864
5018 3878
5035 3890
5042 3895
5067 3913
5085 3926
5096 3934
5111 3945
5130 3959
5155 3978
5176 3994
5198 4011
5216 4025
5239 4043
5258 4058
5279 4075
5290 4084
5313 4103
5337 4123
5362 4144
5381 4160
5394 4171
5415 4189
5437 4208
5452 4221
5468 4235
5485 4250
5504 4267
5524 4285
5545 4304
5567 4324
5590 4345
5602 4356
5627 4379
5640 4391
5654 4404
5670 4419
5687 4435
5705 4452
5725 4471
5746 4491
5768 4512
5792 4535
5796 4539
5818 4562
5836 4581
5851 4597
5864 4611
5885 4634
5905 4656
5924 4677
5933 4687
5950 4706
5965 4723
5972 4731
5992 4754
6005 4769
6024 4791
6042 4812
6059 4832
6070 4845
6091 4870
6101 4882
6120 4905
6134 4922
6152 4944
6171 4968
6182 4982
6189 4991
6206 5013
6216 5026
6229 5043
6245 5064
6264 5089
6281 5112
6292 5127
6308 5149
6315 5159
6331 5182
6340 5195
6351 5211
6368 5236
6374 5245
6389 5268
6402 5288
6413 5305
6427 5327
6432 5335
6440 5348
6454 5371
6460 5381
6473 5403
6484 5422
6497 5445
6506 5461
6520 5486
6530 5504
6541 5524
6547 5535
6560 5559
6568 5574
6577 5591
6588 5612
6600 5635
6613 5660
6614 5662
6625 5685
6635 5706
6642 5721
6653 5745
6663 5767
6671 5785
6678 5801
6688 5824
6697 5845
6705 5864
6712 5881
6721 5904
6728 5922
6736 5943
6740 5954
6747 5974
6755 5998
6763 6023
6769 6042
6774 6058
6778 6071
6785 6094
6788 6104
6793 6121
6800 6146
6805 6164
6809 6179
6814 6198
6820 6221
6825 6242
6828 6255
6833 6277
6836 6291
6841 6315
6842 6320
6846 6341
6848 6353
6851 6373
6854 6395
6856 6411
6859 6436
6861 6455
6863 6475
6865 6496
6867 6519
6869 6544
6870 6559
6871 6575
6872 6593
6873 6612
6874 6632
6875 6654
6876 6677
6877 6701
6878 6726
6878 6730
6871 6730
6846 6729
6824 6728
6806 6727
6789 6726
6773 6725
6758 6724
6744 6723
6731 6722
6707 6720
6684 6718
6662 6716
6643 6714
6618 6711
6595 6708
6580 6706
6558 6703
6537 6700
6517 6697
6504 6695
6485 6692
6473 6690
6450 6686
6439 6684
6423 6681
6398 6676
6384 6673
6375 6671
6362 6668
6341 6663
6316 6657
6301 6653
6290 6650
6272 6645
6247 6638
6226 6632
6202 6625
6185 6620
6165 6614
6152 6610
6136 6605
6117 6599
6095 6592
6083 6588
6060 6580
6040 6573
6023 6567
6009 6562
5998 6558
5979 6551
5958 6543
5945 6538
5927 6531
5904 6522
5879 6512
5857 6503
5838 6495
5824 6489
5799 6478
5790 6474
5770 6465
5748 6455
5724 6444
5711 6438
5696 6431
5679 6423
5660 6414
5639 6404
5625 6397
5600 6384
5577 6372
5560 6363
5545 6355
5532 6348
5508 6335
5497 6329
5488 6324
5463 6310
5447 6301
5424 6288
5405 6277
5381 6263
5359 6250
5346 6242
5325 6229
5303 6215
5278 6199
5258 6186
5236 6171
5220 6160
5207 6151
5184 6135
5164 6121
5140 6104
5119 6089
5094 6071
5079 6060
5056 6043
5044 6034
5019 6015
4998 5999
4981 5986
4968 5976
4950 5962
4927 5944
4908 5929
4884 5910
4864 5894
4843 5877
4827 5864
4807 5847
4800 5841
4785 5828
4762 5808
4754 5801
4729 5779
4712 5764
4703 5756
4682 5737
4659 5716
4635 5694
4610 5671
4597 5659
4583 5646
4567 5631
4550 5615
4532 5598
4513 5580
4492 5560
4470 5539
4464 5533
4440 5508
4417 5484
4398 5464
4382 5447
4368 5432
4356 5419
4334 5395
4313 5372
4293 5350
4274 5329
4265 5319
4243 5294
4222 5270
4202 5247
4189 5232
4177 5218
4156 5193
4138 5171
4125 5155
4108 5134
4089 5110
4078 5096
4060 5073
4046 5055
4029 5033
4019 5020
4006 5003
3990 4982
3975 4962
3958 4939
3944 4920
3933 4905
3915 4880
3898 4856
3884 4836
3868 4813
3857 4797
3844 4778
3829 4756
3823 4747
3808 4724
3795 4704
3784 4687
3768 4662
3756 4643
3746 4627
3738 4614
3727 4596
3714 4574
3707 4562
3699 4548
3686 4525
3677 4509
3666 4489
3660 4478
3647 4454
3635 4431
3622 4406
3614 4390
3603 4367
3593 4346
3585 4329
3579 4316
3574 4305
3565 4285
3561 4276
3554 4260
3546 4241
3539 4224
3529 4199
3520 4176
3513 4158
3508 4145
3500 4124
3496 4113
3487 4088
3480 4068
3473 4047
3465 4022
3459 4003
3454 3987
3451 3977
3445 3956
3438 3931
3433 3913
3429 3898
3424 3878
3420 3861
3417 3848
3415 3839
3412 3825
3408 3806
3404 3785
3401 3769
3399 3758
3396 3741
3392 3718
3388 3693
3386 3680
3383 3660
3381 3646
3378 3624
3376 3609
3373 3586
3370 3561
3368 3544
3366 3526
3364 3507
3362 3484
3360 3460
3358 3435
3357 3420
3356 3404
3355 3386
3354 3365
3353 3342
3352 3318
3351 3293
3351 3282
3376 3283
3399 3284
3421 3285
3442 3286
3462 3287
3480 3288
3497 3289
3513 3290
3528 3291
3541 3292
3566 3294
3578 3295
3601 3297
3612 3298
3627 3300
3649 3303
3656 3304
3669 3306
3688 3309
3713 3313
3719 3314
3742 3318
3753 3320
3769 3323
3789 3327
3813 3332
3832 3336
3845 3339
3862 3343
3883 3348
3908 3354
3927 3359
3942 3363
3963 3369
3980 3374
3990 3377
4013 3384
4029 3389
4048 3395
4070 3402
4095 3410
4116 3417
4139 3425
4159 3432
4181 3440
4205 3449
4223 3456
4246 3465
4256 3469
4278 3478
4295 3485
4314 3493
4335 3502
4358 3512
4374 3519
4399 3530
4408 3534
4428 3543
4452 3554
4465 3560
4480 3567
4499 3576
4520 3586
4543 3597
4547 3599
4570 3611
4591 3622
4610 3632
4627 3641
4642 3649
4655 3656
4679 3669
4699 3680
4724 3694
4740 3703
4763 3716
4770 3720
4794 3734
4816 3747
4821 3750
4844 3764
4862 3775
4883 3788
4905 3802
4919 3811
4939 3824
4962 3839
4975 3848
4998 3864
5018 3878
5035 3890
5042 3895
5067 3913
5085 3926
5096 3934
5111 3945
5130 3959
5155 3978
5176 3994
5198 4011
5216 4025
5239 4043
5258 4058
5279 4075
5290 4084
5313 4103
5337 4123
5362 4144
5381 4160
5394 4171
5415 4189
5437 4208
5452 4221
5468 4235
5485 4250
5504 4267
5524 4285
5545 4304
5567 4324
5590 4345
5602 4356
5627 4379
5640 4391
5654 4404
5670 4419
5687 4435
5705 4452
5725 4471
5746 4491
5768 4512
5792 4535
5796 4539
5818 4562
5836 4581
5851 4597
5864 4611
5885 4634
5905 4656
5924 4677
5933 4687
5950 4706
5965 4723
5972 4731
5992 4754
6005 4769
6024 4791
6042 4812
6059 4832
6070 4845
6091 4870
6101 4882
6120 4905
6134 4922
6152 4944
6171 4968
6182 4982
6189 4991
6206 5013
6216 5026
6229 5043
6245 5064
6264 5089
6281 5112
6292 5127
6308 5149
6315 5159
6331 5182
6340 5195
6351 5211
6368 5236
6374 5245
6389 5268
6402 5288
6413 5305
6427 5327
6432 5335
6440 5348
6454 5371
6460 5381
6473 5403
6484 5422
6497 5445
6506 5461
6520 5486
6530 5504
6541 5524
6547 5535
6560 5559
6568 5574
6577 5591
6588 5612
6600 5635
6613 5660
6614 5662
6625 5685
6635 5706
6642 5721
6653 5745
6663 5767
6671 5785
6678 5801
6688 5824
6697 5845
6705 5864
6712 5881
6721 5904
6728 5922
6736 5943
6740 5954
6747 5974
6755 5998
6763 6023
6769 6042
6774 6058
6778 6071
6785 6094
6788 6104
6793 6121
6800 6146
6805 6164
6809 6179
6814 6198
6820 6221
6825 6242
6828 6255
6833 6277
6836 6291
6841 6315
6842 6320
6846 6341
6848 6353
6851 6373
6854 6395
6856 6411
6859 6436
6861 6455
6863 6475
6865 6496
6867 6519
6869 6544
6870 6559
6871 6575
6872 6593
6873 6612
6874 6632
6875 6654
6876 6677
6877 6701
6878 6726
6878 6730
0 0
