3 3
5217 1970
5204 1967
5197 1963
5217 1970
5204 1967
5197 1963
3 3
4424 6352
4404 6335
4422 6336
4424 6352
4404 6335
4422 6336
3 3
8471 2015
8454 2000
8453 1996
8471 2015
8454 2000
8453 1996
3 3
5156 476
5135 460
5154 461
5156 476
5135 460
5154 461
3 3
8507 6285
8482 6269
8498 6278
8507 6285
8482 6269
8498 6278
3 3
596 8344
595 8332
596 8341
596 8344
595 8332
596 8341
3 3
1979 6588
1973 6582
1971 6575
1979 6588
1973 6582
1971 6575
3 3
4548 6757
4533 6739
4539 6740
4548 6757
4533 6739
4539 6740
3 3
830 7707
815 7695
808 7686
830 7707
815 7695
808 7686
3 3
717 2541
703 2537
695 2528
717 2541
703 2537
695 2528
3 3
6968 2286
6945 2265
6961 2268
6968 2286
6945 2265
6961 2268
3 3
6308 3548
6288 3526
6301 3537
6308 3548
6288 3526
6301 3537
3 3
2205 6536
2189 6535
2213 6536
2205 6536
2189 6535
2213 6536
3 3
9790 688
9773 679
9786 685
9790 688
9773 679
9786 685
3 3
4681 191
4659 187
4656 180
4681 191
4659 187
4656 180
3 3
6002 3695
5986 3680
6001 3694
6002 3695
5986 3680
6001 3694
3 3
1419 5675
1409 5664
1401 5653
1419 5675
1409 5664
1401 5653
3 3
9142 7298
9130 7275
9138 7279
9142 7298
9130 7275
9138 7279
3 3
8750 4777
8725 4764
8745 4773
8750 4777
8725 4764
8745 4773
3 3
1871 2736
1858 2716
1861 2719
1871 2736
1858 2716
1861 2719
3 3
5996 3451
5973 3442
5971 3427
5996 3451
5973 3442
5971 3427
3 3
9257 8641
9242 8623
9252 8628
9257 8641
9242 8623
9252 8628
3 3
6833 7675
6812 7674
6810 7667
6833 7675
6812 7674
6810 7667
3 3
2653 5240
2638 5215
2650 5234
2653 5240
2638 5215
2650 5234
3 3
164 9197
144 9193
141 9175
164 9197
144 9193
141 9175
3 3
8802 8669
8798 8646
8801 8659
8802 8669
8798 8646
8801 8659
3 3
3224 8298
3203 8275
3219 8287
3224 8298
3203 8275
3219 8287
3 3
9563 4913
9539 4894
9552 4900
9563 4913
9539 4894
9552 4900
3 3
5509 5297
5486 5293
5485 5279
5509 5297
5486 5293
5485 5279
3 3
7683 4414
7662 4392
7676 4397
7683 4414
7662 4392
7676 4397
3 3
7850 8015
7841 7993
7849 8008
7850 8015
7841 7993
7849 8008
3 3
2270 7932
2254 7931
2265 7931
2270 7932
2254 7931
2265 7931
3 3
1505 4024
1500 4011
1523 4024
1505 4024
1500 4011
1523 4024
3 3
1055 6954
1030 6938
1048 6939
1055 6954
1030 6938
1048 6939
3 3
8848 2885
8825 2863
8846 2882
8848 2885
8825 2863
8846 2882
3 3
9060 4356
9047 4345
9069 4356
9060 4356
9047 4345
9069 4356
3 3
5652 4928
5636 4911
5650 4922
5652 4928
5636 4911
5650 4922
3 3
9520 6621
9511 6602
9515 6604
9520 6621
9511 6602
9515 6604
3 3
2822 3365
2804 3364
2804 3352
2822 3365
2804 3364
2804 3352
3 3
9265 3776
9242 3770
9252 3772
9265 3776
9242 3770
9252 3772
3 3
1506 759
1498 750
1493 741
1506 759
1498 750
1493 741
3 3
8174 8207
8161 8206
8159 8199
8174 8207
8161 8206
8159 8199
3 3
2382 9500
2369 9478
2373 9479
2382 9500
2369 9478
2373 9479
3 3
7149 8011
7146 7997
7149 8005
7149 8011
7146 7997
7149 8005
3 3
9861 9912
9845 9908
9838 9890
9861 9912
9845 9908
9838 9890
3 3
2222 9933
2197 9925
2218 9927
2222 9933
2197 9925
2218 9927
3 3
9975 9879
9962 9878
9961 9855
9975 9879
9962 9878
9961 9855
3 3
2334 6585
2322 6584
2309 6577
2334 6585
2322 6584
2309 6577
3 3
4521 7068
4500 7049
4517 7055
4521 7068
4500 7049
4517 7055
3 3
6497 91
6484 87
6478 68
6497 91
6484 87
6478 68
3 3
5643 9359
5629 9357
5618 9341
5643 9359
5629 9357
5618 9341
3 3
7057 3055
7054 3042
7054 3032
7057 3055
7054 3042
7054 3032
3 3
6153 4780
6145 4771
6133 4757
6153 4780
6145 4771
6133 4757
3 3
9842 306
9821 289
9834 295
9842 306
9821 289
9834 295
3 3
5130 7272
5110 7263
5109 7252
5130 7272
5110 7263
5109 7252
3 3
4702 8695
4695 8676
4701 8681
4702 8695
4695 8676
4701 8681
3 3
7527 5060
7509 5044
7508 5036
7527 5060
7509 5044
7508 5036
3 3
6584 7273
6562 7269
6561 7255
6584 7273
6562 7269
6561 7255
3 3
3832 6755
3818 6754
3812 6741
3832 6755
3818 6754
3812 6741
3 3
7397 3843
7381 3836
7372 3820
7397 3843
7381 3836
7372 3820
3 3
4706 2687
4694 2686
4689 2673
4706 2687
4694 2686
4689 2673
3 3
4607 93
4585 72
4607 85
4607 93
4585 72
4607 85
3 3
7588 1566
7577 1548
7596 1566
7588 1566
7577 1548
7596 1566
3 3
5845 1253
5833 1240
5826 1230
5845 1253
5833 1240
5826 1230
3 3
5780 8808
5757 8791
5776 8793
5780 8808
5757 8791
5776 8793
3 3
9061 5115
9047 5093
9056 5094
9061 5115
9047 5093
9056 5094
3 3
5761 807
5740 783
5751 792
5761 807
5740 783
5751 792
3 3
6461 3443
6450 3436
6444 3418
6461 3443
6450 3436
6444 3418
3 3
8955 5847
8936 5831
8938 5831
8955 5847
8936 5831
8938 5831
3 3
9070 6809
9062 6808
9051 6787
9070 6809
9062 6808
9051 6787
3 3
6449 9082
6441 9066
6437 9057
6449 9082
6441 9066
6437 9057
3 3
7183 1133
7172 1114
7181 1116
7183 1133
7172 1114
7181 1116
3 3
4420 6055
4407 6035
4419 6036
4420 6055
4407 6035
4419 6036
3 3
6893 6798
6879 6789
6875 6778
6893 6798
6879 6789
6875 6778
3 3
9626 6934
9612 6929
9625 6933
9626 6934
9612 6929
9625 6933
3 3
6322 7278
6302 7259
6315 7266
6322 7278
6302 7259
6315 7266
3 3
6043 6483
6020 6469
6033 6472
6043 6483
6020 6469
6033 6472
3 3
3186 2344
3174 2325
3172 2320
3186 2344
3174 2325
3172 2320
3 3
6626 6942
6612 6939
6607 6932
6626 6942
6612 6939
6607 6932
3 3
898 7999
877 7997
873 7986
898 7999
877 7997
873 7986
3 3
2435 5517
2430 5505
2428 5494
2435 5517
2430 5505
2428 5494
3 3
3347 2447
3336 2423
3346 2425
3347 2447
3336 2423
3346 2425
3 3
5210 6236
5197 6212
5210 6213
5210 6236
5197 6212
5210 6213
3 3
2973 1262
2961 1255
2959 1243
2973 1262
2961 1255
2959 1243
3 3
2164 5267
2143 5265
2142 5259
2164 5267
2143 5265
2142 5259
3 3
7847 1491
7822 1471
7845 1472
7847 1491
7822 1471
7845 1472
3 3
3136 5307
3128 5304
3113 5288
3136 5307
3128 5304
3113 5288
3 3
3484 5096
3461 5090
3460 5079
3484 5096
3461 5090
3460 5079
3 3
1828 1855
1823 1831
1827 1840
1828 1855
1823 1831
1827 1840
3 3
4445 4886
4424 4875
4432 4877
4445 4886
4424 4875
4432 4877
3 3
4699 5153
4686 5149
4682 5135
4699 5153
4686 5149
4682 5135
3 3
2543 1190
2520 1179
2542 1186
2543 1190
2520 1179
2542 1186
3 3
136 638
113 633
123 634
136 638
113 633
123 634
3 3
540 4128
528 4105
534 4105
540 4128
528 4105
534 4105
3 3
593 7611
586 7602
577 7589
593 7611
586 7602
577 7589
3 3
800 7307
779 7298
797 7303
800 7307
779 7298
797 7303
3 3
5481 3693
5459 3676
5478 3683
5481 3693
5459 3676
5478 3683
3 3
4856 9209
4831 9186
4855 9196
4856 9209
4831 9186
4855 9196
3 3
2166 7629
2149 7611
2153 7615
2166 7629
2149 7611
2153 7615
3 3
5119 8565
5111 8561
5096 8540
5119 8565
5111 8561
5096 8540
0 0
