3 3
0 522
10000 8731
3311 3240
0 522
10000 8731
3311 3240
3 3
2 2382
9992 9983
2511 4291
2 2382
9992 9983
2511 4291
3 3
4 58
9984 9959
383 434
4 58
9984 9959
383 434
3 3
10 1505
9980 9484
7321 7356
10 1505
9980 9484
7321 7356
3 3
23 50
9983 9771
3982 3914
23 50
9983 9771
3982 3914
3 3
18 445
9968 7902
1375 1462
18 445
9968 7902
1375 1462
3 3
17 1106
9957 9789
4730 5223
17 1106
9957 9789
4730 5223
3 3
45 585
9975 8446
8324 7139
45 585
9975 8446
8324 7139
3 3
58 245
9978 9798
2761 2848
58 245
9978 9798
2761 2848
3 3
26 347
9936 9888
5075 5208
26 347
9936 9888
5075 5208
3 3
40 2666
9940 9925
7301 7990
40 2666
9940 9925
7301 7990
3 3
97 2100
9987 9169
8788 8312
97 2100
9987 9169
8788 8312
3 3
88 2312
9968 9731
6949 7464
88 2312
9968 9731
6949 7464
3 3
97 559
9967 9332
3390 3486
97 559
9967 9332
3390 3486
3 3
49 872
9909 9463
5418 5550
49 872
9909 9463
5418 5550
3 3
48 2322
9898 9933
6207 7081
48 2322
9898 9933
6207 7081
3 3
69 1931
9909 9382
658 2377
69 1931
9909 9382
658 2377
3 3
32 102
9862 9889
8719 8751
32 102
9862 9889
8719 8751
3 3
17 945
9837 8328
1790 2278
17 945
9837 8328
1790 2278
3 3
139 12
9949 8785
612 435
139 12
9949 8785
612 435
3 3
34 1144
9834 9891
1551 2498
34 1144
9834 9891
1551 2498
3 3
129 726
9919 9283
526 1073
129 726
9919 9283
526 1073
3 3
72 95
9852 9136
4651 4328
72 95
9852 9136
4651 4328
3 3
12 16
9782 9727
5311 5283
12 16
9782 9727
5311 5283
3 3
0 49
9760 9586
8447 8303
0 49
9760 9586
8447 8303
3 3
169 1008
9919 8045
7946 6621
169 1008
9919 8045
7946 6621
3 3
159 156
9899 9849
3682 3662
159 156
9899 9849
3682 3662
3 3
81 732
9811 9491
5432 5549
81 732
9811 9491
5432 5549
3 3
83 383
9803 9016
9186 8468
83 383
9803 9016
9186 8468
3 3
142 888
9852 8779
8731 7868
142 888
9852 8779
8731 7868
3 3
214 2069
9914 9692
6827 7266
214 2069
9914 9692
6827 7266
3 3
223 250
9913 7589
7914 6075
223 250
9913 7589
7914 6075
3 3
226 22
9906 9803
8085 7963
226 22
9906 9803
8085 7963
3 3
204 1751
9874 9448
9031 8777
204 1751
9874 9448
9031 8777
3 3
245 563
9905 9900
4432 4610
245 563
9905 9900
4432 4610
3 3
29 497
9679 8110
3402 3158
29 497
9679 8110
3402 3158
3 3
8 716
9648 9853
5815 6220
8 716
9648 9853
5815 6220
3 3
229 654
9859 7855
5268 4422
229 654
9859 7855
5268 4422
3 3
123 194
9743 9377
8136 7843
123 194
9743 9377
8136 7843
3 3
362 2913
9972 9962
5743 6860
362 2913
9972 9962
5743 6860
3 3
170 115
9770 9216
7269 6845
170 115
9770 9216
7269 6845
3 3
223 38
9813 9969
5932 5950
223 38
9813 9969
5932 5950
3 3
309 1337
9889 9238
6728 6631
309 1337
9889 9238
6728 6631
3 3
42 15
9612 9946
4151 4279
42 15
9612 9946
4151 4279
3 3
304 1666
9864 9913
5641 6270
304 1666
9864 9913
5641 6270
3 3
449 1929
9999 9852
8062 8245
449 1929
9999 9852
8062 8245
3 3
55 231
9595 9620
7826 7879
55 231
9595 9620
7826 7879
3 3
260 1653
9790 9112
2501 3407
260 1653
9790 9112
2501 3407
3 3
318 431
9838 8668
5705 5092
318 431
9838 8668
5705 5092
3 3
2 2306
9512 9579
865 2966
2 2306
9512 9579
865 2966
3 3
494 709
9994 9250
6933 6498
494 709
9994 9250
6933 6498
3 3
82 933
9572 9064
4621 4822
82 933
9572 9064
4621 4822
3 3
379 828
9859 8051
6692 5638
379 828
9859 8051
6692 5638
3 3
388 1438
9858 8449
5537 5250
388 1438
9858 8449
5537 5250
3 3
199 348
9659 9777
2030 2173
199 348
9659 9777
2030 2173
3 3
512 91
9962 9654
7035 6692
512 91
9962 9654
7035 6692
3 3
123 3
9563 9972
5994 6203
123 3
9563 9972
5994 6203
3 3
45 349
9475 8622
4218 4010
45 349
9475 8622
4218 4010
3 3
148 271
9568 9650
8649 8735
148 271
9568 9650
8649 8735
3 3
200 426
9610 8583
3587 3362
200 426
9610 8583
3587 3362
3 3
439 471
9839 9678
7696 7579
439 471
9839 9678
7696 7579
3 3
277 1651
9667 9548
2994 3936
277 1651
9667 9548
2994 3936
3 3
432 18
9812 9435
939 527
432 18
9812 9435
939 527
3 3
33 1116
9403 9225
3674 4267
33 1116
9403 9225
3674 4267
3 3
229 679
9589 7838
2670 2546
229 679
9589 7838
2670 2546
3 3
583 281
9933 9008
4320 3769
583 281
9933 9008
4320 3769
3 3
134 587
9474 9276
6705 6700
134 587
9474 9276
6705 6700
3 3
324 1219
9654 9150
6853 6769
324 1219
9654 9150
6853 6769
3 3
140 64
9460 8763
2001 1801
140 64
9460 8763
2001 1801
3 3
192 776
9502 9125
2023 2418
192 776
9502 9125
2023 2418
3 3
646 1512
9946 9815
5879 6184
646 1512
9946 9815
5879 6184
3 3
219 2321
9509 9960
3190 4764
219 2321
9509 9960
3190 4764
3 3
148 255
9428 9952
8115 8580
148 255
9428 9952
8115 8580
3 3
730 1262
10000 9865
3593 3919
730 1262
10000 9865
3593 3919
3 3
506 621
9766 7758
7873 6299
506 621
9766 7758
7873 6299
3 3
207 474
9457 9805
8886 9229
207 474
9457 9805
8886 9229
3 3
216 876
9456 7979
4609 4253
216 876
9456 7979
4609 4253
3 3
355 107
9585 9980
3958 3961
355 107
9585 9980
3958 3961
3 3
708 86
9928 8933
4045 3288
708 86
9928 8933
4045 3288
3 3
664 2295
9874 9694
8745 8787
664 2295
9874 9694
8745 8787
3 3
383 856
9583 8635
4164 4053
383 856
9583 8635
4164 4053
3 3
46 903
9236 8630
8143 7711
46 903
9236 8630
8143 7711
3 3
732 2084
9912 9835
4201 5013
732 2084
9912 9835
4201 5013
3 3
174 1085
9344 8704
6175 6071
174 1085
9344 8704
6175 6071
3 3
404 668
9564 9107
9005 8592
404 668
9564 9107
9005 8592
3 3
264 1952
9414 9325
8827 8852
264 1952
9414 9325
8827 8852
3 3
727 1602
9867 9495
7910 7805
727 1602
9867 9495
7910 7805
3 3
315 1415
9445 8944
526 1589
315 1415
9445 8944
526 1589
3 3
455 19
9575 8900
2134 1654
455 19
9575 8900
2134 1654
3 3
7 673
9117 9412
9338 9624
7 673
9117 9412
9338 9624
3 3
376 114
9476 8617
8409 7620
376 114
9476 8617
8409 7620
3 3
533 604
9623 9471
4650 4620
533 604
9623 9471
4650 4620
3 3
766 1455
9846 9674
7547 7593
766 1455
9846 9674
7547 7593
3 3
510 378
9580 7865
2057 1655
510 378
9580 7865
2057 1655
3 3
603 63
9663 9110
1300 759
603 63
9663 9110
1300 759
3 3
815 1896
9865 9815
5336 5852
815 1896
9865 9815
5336 5852
3 3
55 286
9095 9129
468 690
55 286
9095 9129
468 690
3 3
296 1302
9326 9403
6235 6630
296 1302
9326 9403
6235 6630
3 3
266 534
9286 9341
5263 5413
266 534
9286 9341
5263 5413
3 3
933 318
9943 9229
9852 9139
933 318
9943 9229
9852 9139
0 0
