0.333333333333
0.333333333333
0.333333333333
0.333333333333
0.500000000000
0.500000000000
0.500000000000
0.500000000000
0.500000000000
0.500000000000
0.333333333333
0.333333333333
0.333333333333
0.333333333333
0.500000000000
0.500000000000
0.500000000000
0.500000000000
0.500000000000
0.500000000000
0.333333333333
0.333333333333
0.333333333333
0.333333333333
0.500000000000
0.500000000000
0.500000000000
0.500000000000
0.500000000000
0.500000000000
0.333333333333
0.333333333333
0.333333333333
0.333333333333
0.500000000000
0.500000000000
0.500000000000
0.500000000000
0.500000000000
0.500000000000
0.333333333333
0.333333333333
0.333333333333
0.333333333333
0.500000000000
0.500000000000
0.500000000000
0.500000000000
0.500000000000
0.500000000000
0.333333333333
0.333333333333
0.333333333333
0.333333333333
0.500000000000
0.500000000000
0.500000000000
0.500000000000
0.500000000000
0.500000000000
0.333333333333
0.333333333333
0.333333333333
0.333333333333
0.500000000000
0.500000000000
0.500000000000
0.500000000000
0.500000000000
0.500000000000
0.333333333333
0.333333333333
0.333333333333
0.333333333333
0.500000000000
0.500000000000
0.500000000000
0.500000000000
0.500000000000
0.500000000000
0.333333333333
0.333333333333
0.333333333333
0.333333333333
0.500000000000
0.500000000000
0.500000000000
0.500000000000
0.500000000000
0.500000000000
0.333333333333
0.333333333333
0.333333333333
0.333333333333
0.500000000000
0.500000000000
0.500000000000
0.500000000000
0.500000000000
0.500000000000
