3 3
9981 8004
0 10000
9986 8003
0 10000
9976 8005
9971 8006
3 3
19 8004
14 8003
10000 10000
29 8006
24 8005
10000 10000
3 3
9981 1996
9986 1997
0 0
9976 1995
0 0
9971 1994
3 3
19 1996
10000 0
14 1997
10000 0
24 1995
29 1994
3 3
0 10000
9981 8004
9976 8005
9986 8003
9981 8004
0 10000
3 3
10000 10000
24 8005
19 8004
14 8003
10000 10000
19 8004
3 3
0 0
9976 1995
9981 1996
0 0
9981 1996
9986 1997
3 3
10000 0
19 1996
24 1995
14 1997
19 1996
10000 0
3 3
9981 1996
0 0
9976 1995
9986 1997
0 0
9981 1996
3 3
19 1996
24 1995
10000 0
10000 0
14 1997
19 1996
3 3
9973 5726
0 10000
9980 5723
9959 5732
0 10000
9966 5729
3 3
27 5726
20 5723
10000 10000
10000 10000
41 5732
34 5729
3 3
9973 4274
9980 4277
0 0
9959 4268
9966 4271
0 0
3 3
27 4274
10000 0
20 4277
41 4268
10000 0
34 4271
3 3
0 10000
9973 5726
9966 5729
0 10000
9980 5723
9973 5726
3 3
10000 10000
34 5729
27 5726
27 5726
20 5723
10000 10000
3 3
0 0
9966 4271
9973 4274
9980 4277
0 0
9973 4274
3 3
10000 0
27 4274
34 4271
10000 0
20 4277
27 4274
3 3
9973 4274
0 0
9966 4271
9973 4274
9980 4277
0 0
3 3
27 4274
34 4271
10000 0
27 4274
10000 0
20 4277
3 3
9979 7149
0 10000
9986 7147
9972 7151
9965 7153
0 10000
3 3
21 7149
14 7147
10000 10000
28 7151
10000 10000
35 7153
3 3
9979 2851
9986 2853
0 0
0 0
9965 2847
9972 2849
3 3
21 2851
10000 0
14 2853
28 2849
35 2847
10000 0
3 3
0 10000
9979 7149
9972 7151
9979 7149
0 10000
9986 7147
3 3
10000 10000
28 7151
21 7149
10000 10000
21 7149
14 7147
3 3
0 0
9972 2849
9979 2851
9979 2851
9986 2853
0 0
3 3
10000 0
21 2851
28 2849
21 2851
10000 0
14 2853
3 3
9979 2851
0 0
9972 2849
0 0
9979 2851
9986 2853
3 3
21 2851
28 2849
10000 0
14 2853
21 2851
10000 0
3 3
8551 24
0 10000
8557 17
0 10000
8545 31
8539 38
3 3
1449 24
1443 17
10000 10000
1461 38
1455 31
10000 10000
3 3
8551 9976
8557 9983
0 0
8545 9969
0 0
8539 9962
3 3
1449 9976
10000 0
1443 9983
10000 0
1455 9969
1461 9962
3 3
0 10000
8551 24
8545 31
8557 17
8551 24
0 10000
3 3
10000 10000
1455 31
1449 24
1443 17
10000 10000
1449 24
3 3
0 0
8545 9969
8551 9976
0 0
8551 9976
8557 9983
3 3
10000 0
1449 9976
1455 9969
1443 9983
1449 9976
10000 0
3 3
8551 9976
0 0
8545 9969
8557 9983
0 0
8551 9976
3 3
1449 9976
1455 9969
10000 0
10000 0
1443 9983
1449 9976
3 3
9997 4
0 10000
9998 3
9995 6
0 10000
9996 5
3 3
3 4
2 3
10000 10000
10000 10000
5 6
4 5
3 3
9997 9996
9998 9997
0 0
9995 9994
9996 9995
0 0
3 3
3 9996
10000 0
2 9997
5 9994
10000 0
4 9995
3 3
0 10000
9997 4
9996 5
0 10000
9998 3
9997 4
3 3
10000 10000
4 5
3 4
3 4
2 3
10000 10000
3 3
0 0
9996 9995
9997 9996
9998 9997
0 0
9997 9996
3 3
10000 0
3 9996
4 9995
10000 0
2 9997
3 9996
3 3
9997 9996
0 0
9996 9995
9997 9996
9998 9997
0 0
3 3
3 9996
4 9995
10000 0
3 9996
10000 0
2 9997
3 3
4997 7
0 10000
4998 5
4996 9
4995 11
0 10000
3 3
5003 7
5002 5
10000 10000
5004 9
10000 10000
5005 11
3 3
4997 9993
4998 9995
0 0
0 0
4995 9989
4996 9991
3 3
5003 9993
10000 0
5002 9995
5004 9991
5005 9989
10000 0
3 3
0 10000
4997 7
4996 9
4997 7
0 10000
4998 5
3 3
10000 10000
5004 9
5003 7
10000 10000
5003 7
5002 5
3 3
0 0
4996 9991
4997 9993
4997 9993
4998 9995
0 0
3 3
10000 0
5003 9993
5004 9991
5003 9993
10000 0
5002 9995
3 3
4997 9993
0 0
4996 9991
0 0
4997 9993
4998 9995
3 3
5003 9993
5004 9991
10000 0
5002 9995
5003 9993
10000 0
3 3
9975 1272
0 10000
9983 1265
0 10000
9967 1279
9959 1286
3 3
25 1272
17 1265
10000 10000
41 1286
33 1279
10000 10000
3 3
9975 8728
9983 8735
0 0
9967 8721
0 0
9959 8714
3 3
25 8728
10000 0
17 8735
10000 0
33 8721
41 8714
3 3
0 10000
9975 1272
9967 1279
9983 1265
9975 1272
0 10000
3 3
10000 10000
33 1279
25 1272
17 1265
10000 10000
25 1272
3 3
0 0
9967 8721
9975 8728
0 0
9975 8728
9983 8735
3 3
10000 0
25 8728
33 8721
17 8735
25 8728
10000 0
3 3
9975 8728
0 0
9967 8721
9983 8735
0 0
9975 8728
3 3
25 8728
33 8721
10000 0
10000 0
17 8735
25 8728
3 3
9977 1686
0 10000
9983 1681
9965 1696
0 10000
9971 1691
3 3
23 1686
17 1681
10000 10000
10000 10000
35 1696
29 1691
3 3
9977 8314
9983 8319
0 0
9965 8304
9971 8309
0 0
3 3
23 8314
10000 0
17 8319
35 8304
10000 0
29 8309
3 3
0 10000
9977 1686
9971 1691
0 10000
9983 1681
9977 1686
3 3
10000 10000
29 1691
23 1686
23 1686
17 1681
10000 10000
3 3
0 0
9971 8309
9977 8314
9983 8319
0 0
9977 8314
3 3
10000 0
23 8314
29 8309
10000 0
17 8319
23 8314
3 3
9977 8314
0 0
9971 8309
9977 8314
9983 8319
0 0
3 3
23 8314
29 8309
10000 0
23 8314
10000 0
17 8319
3 3
9984 2013
0 10000
9989 2009
9979 2017
9974 2021
0 10000
3 3
16 2013
11 2009
10000 10000
21 2017
10000 10000
26 2021
3 3
9984 7987
9989 7991
0 0
0 0
9974 7979
9979 7983
3 3
16 7987
10000 0
11 7991
21 7983
26 7979
10000 0
3 3
0 10000
9984 2013
9979 2017
9984 2013
0 10000
9989 2009
3 3
10000 10000
21 2017
16 2013
10000 10000
16 2013
11 2009
3 3
0 0
9979 7983
9984 7987
9984 7987
9989 7991
0 0
3 3
10000 0
16 7987
21 7983
16 7987
10000 0
11 7991
3 3
9984 7987
0 0
9979 7983
0 0
9984 7987
9989 7991
3 3
16 7987
21 7983
10000 0
11 7991
16 7987
10000 0
3 3
9978 2873
0 10000
9985 2868
0 10000
9971 2878
9964 2883
3 3
22 2873
15 2868
10000 10000
36 2883
29 2878
10000 10000
3 3
9978 7127
9985 7132
0 0
9971 7122
0 0
9964 7117
3 3
22 7127
10000 0
15 7132
10000 0
29 7122
36 7117
3 3
0 10000
9978 2873
9971 2878
9985 2868
9978 2873
0 10000
3 3
10000 10000
29 2878
22 2873
15 2868
10000 10000
22 2873
3 3
0 0
9971 7122
9978 7127
0 0
9978 7127
9985 7132
3 3
10000 0
22 7127
29 7122
15 7132
22 7127
10000 0
3 3
9978 7127
0 0
9971 7122
9985 7132
0 0
9978 7127
3 3
22 7127
29 7122
10000 0
10000 0
15 7132
22 7127
0 0
