5
3 8 7 4 6
9
11 15 14 1 7 5 11 4 9
6
4 6 6 6 4 3
6
5 9 7 8 9 4
1
300
2
300 400
9
1 2 3 4 5 4 3 2 1
9
5 4 3 2 1 2 3 4 5
13
3 3 1 2 3 4 5 4 3 2 1 3 3
13
3 3 5 4 3 2 1 2 3 4 5 3 3
12
36 49 29 44 44 44 44 44 44 12 33 25
16
4 7 6 10 10 10 6 4 12 15 20 20 20 3 5 5
38
5 49 6 50 7 48 9 46 10 48 13 46 16 46 17 45 20 45 23 45 25 45 26 46 27 48 30 47 32 46 35 45 36 46 37 45 39 44
22
4 51 5 49 5 47 7 49 8 49 10 49 11 48 13 50 13 50 15 49 16 47
12
5 56 7 56 9 57 10 58 13 60 16 62
23
5 59 5 57 5 57 5 58 5 59 6 57 7 58 8 58 9 57 11 56 12 55 12
21
19 48 17 49 15 49 14 49 13 50 12 51 9 50 6 51 5 51 4 52 3
16
18 49 16 47 14 47 13 49 12 50 10 49 8 48 7 48
22
19 56 18 58 17 58 14 60 12 62 9 62 7 62 5 62 3 61 2 59 1 58
31
18 62 18 64 18 65 16 65 16 67 15 67 13 65 11 66 9 68 9 68 9 66 9 64 8 66 8 66 6 68 6
25
52 54 52 54 56 58 59 6 57 9 57 59 10 12 14 61 61 59 61 60 61 63 65 66 15
32
5 6 49 7 48 50 8 10 11 52 11 53 11 12 14 16 16 16 16 55 57 18 18 20 22 23 55 25 27 28 28 54
14
5 8 55 11 14 15 16 17 18 21 22 25 54 53
23
60 60 61 59 59 61 61 60 5 61 5 63 64 66 5 64 62 61 62 62 60 61 5
35
250 252 250 250 249 248 117 114 112 249 111 110 107 104 103 248 248 247 245 245 101 99 98 95 92 89 87 84 243 83 245 82 247 246 81
11
250 250 250 251 119 251 117 116 116 115 252
26
255 255 255 255 257 259 119 116 258 114 111 110 108 105 104 260 101 262 261 100 97 96 94 91 88 85
37
259 261 262 263 262 264 265 119 119 117 264 263 117 117 116 264 116 262 114 262 262 113 113 113 113 112 264 263 265 263 265 265 111 264 262 263 263
30
2 50 3 50 4 50 5 50 6 50 7 50 8 50 9 50 10 50 11 50 12 50 13 50 14 50 15 50 16 50
24
49 5 48 5 47 5 46 5 45 5 44 5 43 5 42 5 41 5 40 5 39 5 38 5
34
44 31 43 32 42 33 41 34 40 35 39 36 38 37 37 38 36 39 35 40 34 41 33 42 32 43 31 44 30 45 29 46 28 47
39
79 66 67 78 68 69 77 76 70 71 72 75 74 73 72 71 70 69 73 74 75 76 77 68 78 79 80 67 81 66 82 83 84 85 86 87 65 88 89
100
1000 1000 1000 1000 1000 1000 1000 1000 1000 1000 1000 1000 1000 1000 1000 1000 1000 1000 1000 1000 1000 1000 1000 1000 1000 1000 1000 1000 1000 1000 1000 1000 1000 1000 1000 1000 1000 1000 1000 1000 1000 1000 1000 1000 1000 1000 1000 1000 1000 1000 1000 1000 1000 1000 1000 1000 1000 1000 1000 1000 1000 1000 1000 1000 1000 1000 1000 1000 1000 1000 1000 1000 1000 1000 1000 1000 1000 1000 1000 1000 1000 1000 1000 1000 1000 1000 1000 1000 1000 1000 1000 1000 1000 1000 1000 1000 1000 1000 1000 1000
100
1 1000 1000 1000 1000 1000 1000 1000 1000 1000 1000 1000 1000 1000 1000 1000 1000 1000 1000 1000 1000 1000 1000 1000 1000 1000 1000 1000 1000 1000 1000 1000 1000 1000 1000 1000 1000 1000 1000 1000 1000 1000 1000 1000 1000 1000 1000 1000 1000 1000 1000 1000 1000 1000 1000 1000 1000 1000 1000 1000 1000 1000 1000 1000 1000 1000 1000 1000 1000 1000 1000 1000 1000 1000 1000 1000 1000 1000 1000 1000 1000 1000 1000 1000 1000 1000 1000 1000 1000 1000 1000 1000 1000 1000 1000 1000 1000 1000 1000 1
100
1 1000 1 1000 1 1000 1 1000 1 1000 1 1000 1 1000 1 1000 1 1000 1 1000 1 1000 1 1000 1 1000 1 1000 1 1000 1 1000 1 1000 1 1000 1 1000 1 1000 1 1000 1 1000 1 1000 1 1000 1 1000 1 1000 1 1000 1 1000 1 1000 1 1000 1 1000 1 1000 1 1000 1 1000 1 1000 1 1000 1 1000 1 1000 1 1000 1 1000 1 1000 1 1000 1 1000 1 1000 1 1000 1 1000 1 1000 1 1000 1 1000 1 1000
100
120 119 118 117 116 115 114 113 112 111 110 109 108 107 106 105 104 103 102 101 100 99 98 97 96 95 94 93 92 91 90 89 88 87 86 85 84 83 82 81 80 79 78 77 76 75 74 73 72 71 70 69 68 67 66 65 64 63 62 61 60 59 58 57 56 55 54 53 52 51 50 49 48 47 46 45 44 43 42 41 40 39 38 37 36 35 34 33 32 31 30 29 28 27 26 25 24 23 22 21
100
20 21 22 23 24 25 26 27 28 29 30 31 32 33 34 35 36 37 38 39 40 41 42 43 44 45 46 47 48 49 50 51 52 53 54 55 56 57 58 59 60 61 62 63 64 65 66 67 68 69 70 71 72 73 74 75 76 77 78 79 80 81 82 83 84 85 86 87 88 89 90 91 92 93 94 95 96 97 98 99 100 101 102 103 104 105 106 107 108 109 110 111 112 113 114 115 116 117 118 119
16
765 493 304 31 903 71 62 3 851 507 258 985 752 39 865 832
90
521 277 102 872 980 401 746 38 658 432 679 67 159 630 998 935 325 167 111 165 577 427 171 396 666 619 984 916 769 909 722 27 257 106 755 431 309 745 455 478 288 541 918 673 125 561 398 255 891 36 29 478 860 415 8 228 851 420 235 595 640 896 142 795 714 49 936 402 256 211 186 150 523 523 786 475 315 223 554 592 692 813 333 980 692 407 894 766 924 896
68
682 849 513 463 751 783 12 193 525 121 754 728 76 455 176 896 87 428 923 278 752 170 140 140 973 981 479 26 792 705 653 211 740 72 10 131 507 804 681 570 228 837 715 765 586 784 126 906 832 181 786 870 697 323 159 774 524 250 282 406 236 388 526 552 277 961 279 708
30
949 547 976 364 888 905 765 437 755 643 559 707 354 695 182 640 306 512 253 973 519 797 687 887 930 735 665 778 671 182
28
345 391 997 495 176 782 945 292 393 450 9 704 362 22 239 426 720 443 845 415 693 114 299 808 844 184 813 920
92
726 320 657 540 316 325 410 420 418 206 366 233 51 222 203 11 670 349 678 791 122 497 952 799 461 720 783 241 425 594 532 517 900 835 268 671 154 974 653 717 9 637 303 67 913 732 876 762 430 830 13 551 387 744 715 471 173 1 799 8 689 803 422 43 963 587 933 918 108 411 372 998 894 434 602 177 960 329 38 761 201 174 157 677 290 885 476 113 469 410 3 854
64
700 468 77 343 3 504 4 606 410 685 243 911 960 965 528 788 64 965 70 660 432 464 356 476 470 248 642 882 630 553 103 894 673 410 790 173 80 888 966 892 614 81 256 413 19 354 748 785 148 646 916 386 208 251 874 764 534 466 445 712 634 747 279 539
40
427 826 17 989 203 840 402 91 726 786 983 984 246 64 20 419 52 695 233 227 570 193 782 457 327 823 242 673 894 961 912 248 331 461 975 783 932 710 117 173
88
332 599 387 518 241 495 360 587 876 515 501 273 294 598 947 98 914 173 184 335 682 400 873 775 948 834 57 750 379 511 224 65 2 258 535 164 891 304 751 632 998 388 129 988 101 584 288 471 644 516 795 360 686 335 670 74 978 7 232 951 477 670 936 967 889 75 904 421 546 426 708 742 817 810 516 511 922 800 660 299 392 5 908 294 953 81 420 752
76
682 864 177 518 405 369 525 419 167 595 13 570 313 163 298 546 566 641 926 184 499 539 609 259 794 970 5 566 858 285 54 284 238 683 113 587 296 519 648 414 498 692 744 254 601 143 623 348 543 916 141 517 443 649 118 943 959 895 800 939 86 750 8 896 232 24 187 159 459 518 892 358 504 334 33 980
95
974 682 171 631 747 983 235 166 698 669 754 474 831 181 658 410 892 328 715 699 913 523 120 923 362 747 598 148 454 574 797 501 275 358 483 891 559 346 174 927 890 58 456 620 87 439 24 704 785 876 362 85 18 205 568 506 87 819 945 642 223 690 24 233 754 959 753 879 655 256 636 258 181 250 779 948 35 169 392 302 507 672 928 967 744 493 540 310 713 120 502 896 110 40 312
47
335 66 423 870 932 815 855 620 943 920 425 956 590 465 192 199 12 799 745 640 287 463 559 818 524 789 102 88 646 341 80 104 670 26 100 845 509 353 108 287 612 745 485 377 668 833 226
43
682 757 441 666 490 727 175 498 396 878 711 567 156 894 781 355 451 371 1 127 436 571 175 297 689 664 596 431 755 742 891 986 207 183 421 938 310 280 438 834 478 80 548
57
900 645 763 971 995 122 204 377 605 25 548 380 832 537 272 433 204 484 311 645 441 1000 687 531 838 656 369 982 788 646 329 784 121 79 726 957 144 659 984 943 349 999 351 550 438 481 919 324 365 831 105 946 531 773 558 595 119
97
604 971 523 13 611 331 159 568 17 772 871 833 1 269 279 305 187 26 943 595 965 603 82 899 838 735 832 729 435 387 580 561 843 284 407 23 61 452 635 28 633 611 12 1000 996 550 472 315 517 517 736 372 780 427 902 100 450 239 534 152 348 762 666 162 665 820 269 395 243 808 769 855 650 472 51 940 100 206 300 368 257 377 147 439 26 168 782 62 73 374 984 447 604 386 324 81 963
4
959 779 273 779
48
108 360 751 225 642 645 659 438 894 554 996 702 744 722 486 197 637 423 624 618 697 687 704 399 154 221 782 147 531 820 424 328 513 543 794 192 494 363 991 283 495 382 1000 611 20 504 568 936
82
575 138 184 475 626 455 934 753 283 504 99 23 903 988 962 689 90 878 213 763 379 903 358 977 823 763 711 631 201 363 467 889 671 566 677 384 120 116 862 874 505 201 45 900 279 954 510 863 766 840 357 949 464 790 555 54 714 120 887 163 240 554 521 118 57 122 463 444 325 11 530 752 690 567 763 934 158 704 351 576 615 131
72
424 326 241 719 579 570 515 158 294 489 714 310 696 362 321 977 324 101 583 95 977 579 5 627 288 34 312 266 89 617 587 193 297 50 292 990 636 445 601 847 156 817 199 903 572 781 943 391 707 157 341 105 256 8 534 999 510 430 302 194 796 119 156 391 508 679 578 211 261 141 892 8
73
491 276 400 460 631 920 917 454 472 777 355 848 269 424 437 340 55 359 468 518 150 98 910 92 361 248 859 570 527 898 275 182 299 350 396 413 949 720 239 360 970 86 585 303 437 319 119 7 231 767 595 147 578 497 172 197 764 586 386 919 503 118 390 267 341 361 359 699 241 732 601 893 192
0
