22
61 62 64 65 66 66 66 67 68 69 70 70 70 72 74 75 76 77 78 79 81 83
38
8 9 9 10 12 13 15 15 15 15 15 16 16 17 17 17 18 18 19 20 22 24 25 26 26 28 29 29 30 32 34 35 37 39 40 42 43 45
33
90 92 93 93 94 95 95 96 96 98 99 100 100 102 102 103 104 104 104 104 104 104 105 105 107 109 111 111 113 114 114 116 116
31
24 25 25 25 26 28 28 28 28 28 28 28 29 31 32 33 33 35 37 38 38 38 38 40 42 42 43 45 45 47 49
31
38 40 41 43 44 45 46 46 48 50 52 52 54 54 55 57 57 57 58 59 60 62 63 63 63 63 64 65 67 69 70
37
69 71 71 73 74 74 74 74 74 76 78 78 78 78 79 79 79 79 81 82 82 83 85 85 86 87 87 88 89 90 91 92 93 94 94 95 95
28
92 93 93 95 95 95 95 96 96 98 98 99 100 101 103 105 106 106 106 106 107 109 111 111 112 114 115 117
25
38 40 42 44 46 46 48 50 51 51 52 54 55 56 57 58 58 59 61 63 64 66 66 67 68
31
76 78 80 82 84 86 86 87 88 89 91 91 91 93 95 97 98 98 99 100 100 101 103 105 107 109 110 110 112 114 115
32
95 95 95 95 96 97 98 98 98 99 101 102 103 104 106 106 107 109 109 111 113 113 113 115 117 119 121 121 122 124 124 124
35
205 203 201 200 199 199 197 197 195 193 192 192 192 190 189 187 187 185 183 182 180 180 179 177 177 177 176 176 176 175 175 174 173 171 170
31
210 208 207 207 206 204 204 203 202 202 200 199 197 195 193 193 191 191 191 190 190 190 189 189 189 187 185 183 183 181 179
32
239 239 239 238 237 236 236 234 234 234 233 231 231 231 230 228 226 224 222 220 220 220 219 219 219 217 216 215 214 214 213 213
25
241 240 240 240 238 236 235 234 234 233 233 231 231 230 228 226 226 224 222 221 219 218 217 216 215
22
168 166 164 162 160 160 159 159 158 158 156 154 154 153 151 151 151 151 151 149 147 145
39
199 198 197 197 197 195 194 192 191 190 190 189 188 186 186 185 183 181 179 177 177 177 177 176 176 175 175 174 172 171 169 167 167 166 166 166 164 162 161
34
245 243 243 243 242 242 242 240 238 237 237 237 235 235 234 234 232 232 232 231 231 231 229 228 226 225 225 224 223 221 221 220 218 217
39
235 233 231 229 228 226 226 224 224 224 223 223 222 220 218 218 216 214 213 212 210 210 208 206 206 205 204 202 201 199 198 197 196 194 192 191 191 189 187
25
215 214 214 213 211 211 209 209 207 206 204 203 202 201 200 198 197 195 195 195 193 192 192 192 192
20
195 194 192 192 190 188 187 185 184 184 183 183 183 182 182 182 180 180 179 179
36
31 117 117 117 117 117 119 117 117 117 117 117 118 117 119 117 117 117 119 117 118 117 119 117 117 117 118 117 119 117 117 117 117 117 117 117
35
72 106 108 106 106 106 106 106 108 106 108 106 106 106 106 106 106 106 107 106 107 106 107 106 108 106 108 106 106 106 108 106 107 106 108
20
63 100 100 100 101 100 102 100 100 100 102 100 101 100 102 100 101 100 101 100
22
35 119 121 119 119 119 119 119 121 119 120 119 119 119 120 119 121 119 120 119 121 119
30
62 119 120 119 119 119 121 119 119 119 119 119 120 119 119 119 121 119 119 119 121 119 120 119 120 119 121 119 120 119
24
11 109 111 109 110 109 109 109 109 109 109 109 111 109 109 109 109 109 109 109 110 109 109 109
22
83 103 103 103 103 103 103 103 104 103 105 103 103 103 103 103 103 103 104 103 105 103
37
34 113 113 113 113 113 114 113 113 113 114 113 115 113 115 113 114 113 113 113 115 113 115 113 115 113 114 113 114 113 115 113 114 113 114 113 114
21
2 105 106 105 107 105 105 105 105 105 105 105 107 105 106 105 106 105 107 105 106
32
25 113 115 113 115 113 114 113 114 113 115 113 115 113 114 113 114 113 115 113 114 113 114 113 114 113 114 113 115 113 115 113
22
178 113 111 113 113 113 111 113 113 113 113 113 113 113 112 113 113 113 113 113 112 113
28
186 114 114 114 112 114 113 114 114 114 112 114 114 114 114 114 114 114 112 114 112 114 112 114 112 114 113 114
26
179 111 111 111 111 111 111 111 110 111 110 111 111 111 110 111 110 111 110 111 110 111 110 111 110 111
27
203 101 99 101 100 101 99 101 101 101 99 101 99 101 99 101 101 101 101 101 100 101 99 101 101 101 100
29
171 105 104 105 104 105 105 105 103 105 105 105 104 105 105 105 103 105 104 105 104 105 103 105 105 105 105 105 104
35
169 111 111 111 110 111 111 111 110 111 111 111 110 111 110 111 110 111 111 111 109 111 109 111 110 111 110 111 110 111 111 111 110 111 109
39
197 117 115 117 116 117 117 117 115 117 117 117 117 117 115 117 117 117 115 117 115 117 116 117 115 117 117 117 116 117 117 117 117 117 115 117 115 117 117
35
160 117 117 117 115 117 116 117 116 117 116 117 116 117 116 117 117 117 115 117 117 117 116 117 117 117 116 117 117 117 115 117 117 117 115
39
151 112 112 112 111 112 111 112 111 112 110 112 111 112 112 112 111 112 111 112 112 112 112 112 110 112 112 112 110 112 111 112 110 112 111 112 111 112 112
38
150 116 116 116 116 116 116 116 115 116 116 116 116 116 115 116 116 116 114 116 114 116 116 116 116 116 116 116 114 116 116 116 116 116 115 116 115 116
30
25 25 25 25 25 25 25 25 25 25 25 25 25 25 25 25 25 25 25 25 25 25 25 25 25 25 25 25 25 25
25
26 26 26 26 26 26 26 26 26 26 26 26 26 26 26 26 26 26 26 26 26 26 26 26 26
30
34 34 34 34 34 34 34 34 34 34 34 34 34 34 34 34 34 34 34 34 34 34 34 34 34 34 34 34 34 34
47
200 201 201 202 204 204 205 205 207 207 208 209 209 210 211 211 212 213 215 217 218 218 220 220 220 222 223 224 226 226 224 223 221 220 218 218 218 216 215 215 214 212 210 210 208 207 205
47
248 248 248 248 248 250 251 251 252 254 255 257 259 260 260 262 262 262 263 264 266 267 269 270 270 272 272 272 272 271 269 268 266 265 263 261 260 259 257 256 255 253 252 252 250 249 247
46
228 228 229 229 229 231 232 234 235 236 237 239 239 239 241 241 243 243 241 239 239 239 239 238 236 236 234 234 234 232 232 230 229 227 226 226 224 222 221 221 219 219 217 215 215 213
48
207 208 209 209 209 209 211 213 213 215 216 218 218 218 219 219 220 221 223 223 224 224 224 226 226 228 226 225 225 225 224 223 222 222 220 219 218 218 218 216 215 214 213 213 212 210 208 207
49
177 177 178 178 180 182 184 184 185 187 188 188 188 189 190 192 194 196 198 199 200 202 203 205 207 208 210 212 214 214 214 214 213 212 212 211 209 207 207 206 206 204 203 202 200 198 198 198 196
30
247 249 251 253 253 255 256 257 258 259 261 262 264 264 264 263 261 260 260 258 258 256 254 254 254 254 252 250 249 249
46
162 162 163 163 164 165 165 166 166 167 167 167 168 168 168 169 170 171 172 173 175 176 176 176 176 175 175 174 174 172 170 168 167 167 165 164 163 161 159 159 159 157 155 153 153 151
39
238 239 241 243 245 246 246 248 250 250 250 252 254 254 255 255 255 257 258 259 260 262 263 263 264 264 265 267 267 265 265 264 263 263 262 260 259 258 256
37
236 237 237 237 238 239 240 241 243 243 244 243 243 241 241 241 239 237 235 233 232 230 229 228 226 224 222 221 219 219 219 219 217 215 215 215 213
46
241 243 243 244 246 248 249 249 251 251 253 253 255 256 258 259 259 258 257 256 254 253 253 252 251 251 250 249 249 248 248 246 245 243 243 243 242 242 240 239 237 235 234 233 232 231
36
156 156 155 155 155 155 153 153 153 153 152 151 149 149 148 146 144 144 143 142 143 145 146 146 146 146 148 148 150 152 154 154 154 154 154 154
28
176 175 174 172 170 170 169 169 167 167 168 169 169 171 173 173 175 176 176 176 176 177 178 180 182 183 184 186
40
239 238 236 234 234 232 232 231 231 229 229 229 228 227 226 228 229 231 231 231 233 233 234 235 237 239 240 240 240 241 243 245 246 248 249 250 252 252 253 255
41
201 200 198 197 195 194 192 190 189 187 187 187 187 185 184 184 183 183 185 187 187 187 187 188 188 188 189 190 190 191 191 192 194 195 196 198 198 199 200 201 202
34
239 239 237 236 236 236 236 234 233 233 231 230 230 230 229 229 227 225 227 229 230 232 233 233 233 234 235 236 236 238 238 240 242 243
44
160 160 159 158 156 156 154 154 153 151 150 150 150 148 148 147 147 147 147 146 144 144 143 142 140 139 138 136 138 140 142 143 145 145 145 145 146 148 148 149 150 151 153 155
38
175 173 172 170 169 168 167 166 164 164 164 164 164 164 164 162 161 159 158 156 158 159 159 159 160 161 161 161 162 164 166 167 167 167 169 171 172 172
33
209 208 207 205 205 205 205 203 201 200 200 202 203 204 206 206 206 208 210 211 211 212 214 215 217 218 218 220 221 221 221 223 224
39
229 229 228 227 226 226 226 226 224 224 223 222 222 220 220 221 222 224 225 227 227 229 231 231 233 235 236 236 236 236 237 238 238 238 239 239 240 241 243
35
219 218 216 216 216 214 212 212 210 208 206 206 204 203 203 202 202 202 202 204 205 205 207 208 209 211 213 213 215 215 217 219 220 222 222
0
