30881 7044822
6700 665302651
4790 7640358
1799 3236403
23339 54845795
14984 206141890
29118 518909015
3760 12731006
21872 478384384
11858 24589275
29730 235152001
21256 450890170
13227 174953532
16341 267028284
15306 164851412
24418 471134499
23294 754200
28552 47478
22757 517881050
26925 724955627
4 3
4111 68481
17206 296046436
1979 3916442
27966 661382990
10 3
6 273166797
15037 223696456
28427 458778230
5759 33166081
14185 201214227
23790 352950077
18181 330548764
3 343437969
7237 856
17793 287019008
10 4
3282 10771527
25770 619283264
4249 6521187
11781 36657
18870 713
20433 50286922
6 762689902
7486 56040196
22381 440551803
4469 616
3 837174119
14622 193417660
13134 42564757
4304 71565115
21497 790291257
14909 37943354
19727 389154532
12515 139219641
10081 78461593
29735 884138543
18388 32882706
4 4
8285 5213901
6 944456598
1000000000 1000000000
6 275626058
1931 233208627
7445 51143125
10346 107039719
5364 183275690
25218 503674523
8679 75325041
4 2
30164 800998542
6158 34542722
21565 444867251
12402 139626849
144 20739
3 539388666
19289 501345
5290 26902500
23709 69187880
23547 445884812
6987 35872567
28135 37218
29573 164446428
20163 406546569
28764 462977778
26700 98378590
10 1
10 2
20260 410467603
26610 488163200
12339 503
24547 291385612
14081 53697987
12656 160174339
4 1
3889 42169400
27360 220994641
7103 40193401
3 627373573
26095 8690808
0 0
