106 908404105
15 970410937
72 804921608
127 767562570
109 785888838
209 713270947
60 835894762
224 813428509
246 842406861
69 849828720
190 905482141
267 720075059
243 705884113
195 832367793
185 713535459
195 990482549
48 785342364
24 848033463
162 760238389
234 826084935
31 975281011
229 779858332
51 872285827
201 752262821
66 896883420
192 744333207
172 990654270
3 819251881
112 922411842
246 825776157
261 786213200
85 743580958
22 796170770
50 829973044
109 759521346
144 751484555
171 947164435
52 844132254
159 766717236
100 803387146
268 864816690
238 865880687
60 746517325
14 816702027
12 896577634
66 769481209
173 799687907
286 809803821
89 892813624
212 731536967
59 834823605
141 873466155
179 714745933
65 732350151
281 925014227
35 982751446
107 827194101
211 760421178
32 909752070
38 882416552
281 824984966
244 873510991
45 973772468
209 805901837
283 870496408
275 832497116
142 956437183
195 914688774
276 917890441
183 891375271
200 977522212
167 959026076
39 731290453
144 726116056
257 775804305
161 768824440
118 910110895
129 851979326
137 805061557
260 937040781
246 904158566
88 928741503
228 727234311
35 905052786
112 805685615
274 905491945
140 937409429
149 911399326
93 871056733
90 947169654
84 986858660
162 931952193
216 743821430
119 732111016
176 748736757
108 763909696
61 884827343
78 877983196
122 983738682
165 833646228
0 0
