2
32347039
5589770
48
18
1706495
6965820
142
16
43
140
1348589
1452558
2134374
1928567
2539797
8180674
19
126
175
15730355
217
8551848
1871402
6794605
139
2879895
136541982
4117967
202
14
11
18094802
8299756
40
53
2769573
8116683
157
4016986
1613598
17
42
7
37357408
6
2311324
270
33
7
7074806
3097469
1996587
5633496
1646074
30
3865447
88
14214893
11610764
78
131
26
1928100
5
170
79
64
276
2435544
2443906
9
9375539
2521309
1509476
6
11
122
2938250
130
1837844
31
19
35
87
154
114
74
4683148
5262099
5874201
106
1721917
24
10
3536673
7252714
5628137
4031777
31
