29885 980318589
29727 939652541
31178 991826378
30284 927962429
28416 864597830
27901 977324102
29453 887848937
28989 913959281
28467 963619194
31117 996029871
28208 929397683
30272 982584507
31185 980457449
29986 955813176
30319 969923170
28882 883112710
31579 998470681
29258 958984007
27752 910138799
30685 967096947
29913 987357153
30473 960638641
30624 961639267
28572 994982530
30175 950971230
29673 939487442
30266 946983870
28246 802810840
30166 987670512
31367 994505081
27855 923983317
29566 955159186
27942 964975701
30716 988442447
29369 869265836
28091 979589726
28059 844078215
28315 837408010
30614 957233482
29746 912773918
31490 993155421
28973 993398867
28244 821817421
28175 852200341
30004 974335243
28613 844338893
28547 875070148
31494 996143189
31176 975289031
31610 999353838
29306 882624476
30744 960610028
30946 984075092
31331 998464267
28658 872538623
29250 944216929
30692 981598164
30113 951391837
31032 988612802
30174 988603503
29192 928938769
31610 999944699
30644 999194140
29846 961116888
28343 878645698
31109 984156154
28291 978446542
30721 995850413
28118 888959346
29607 996289714
31212 996887272
28885 946445185
27895 984332374
30738 951691726
27912 875428698
29040 939143736
31421 996771926
29605 994764638
31069 988026921
29327 994163599
31486 999857449
30685 947281423
28451 816064760
28739 940032274
30190 951273026
27654 905511918
30104 936126045
29135 870824766
29237 923689861
28837 984048339
29761 924741989
29815 986256085
31233 992024855
29210 856287718
28668 996019516
27918 910225118
27785 842582998
30404 976591122
28376 853148294
28354 840973708
0 0
