31345
30669
31495
50
29422
17887
29799
30259
19855
31564
249
7965
31313
30931
24339
29730
31599
11899
19855
31101
31461
30999
22833
31698
3052
5294
30778
28335
31454
31537
30514
30936
13336
783
15771
14232
29071
24257
30941
30216
11900
31631
14998
29211
22677
29061
9478
25478
20699
31613
29712
30995
31373
31600
8577
13464
31338
30854
31445
21457
24664
28589
31626
31025
20520
11469
1153
31569
29867
21885
31576
30826
754
30850
29638
30690
1771
3516
31436
31614
25502
30779
2363
4161
30850
30200
6030
4375
30416
31481
30417
31448
31498
29263
31706
30261
1436
31263
29221
29007
