30781 888951119
31007 902136521
31440 799339018
31203 854793775
31127 862600771
31306 965470331
30904 887486251
30929 831656163
31030 839635812
30782 865569281
30648 915547001
31535 822874662
31140 899240711
30996 874041179
31128 925612902
30820 874173024
31458 939413808
31067 777917041
31265 899093812
30733 881553879
31555 978856955
31138 946028675
31551 987038975
31098 808156184
31355 967547170
31393 950042599
31257 930621738
31497 892144027
31347 822735187
30983 791833938
31071 889826070
31308 917516162
30925 788548725
31114 843543654
31128 959814490
30987 889466150
31032 908027141
31198 902882459
31027 898613604
31363 903195208
30641 851414460
31003 807912023
31474 975646188
30949 880408467
31236 790316015
31535 980568450
30818 779997908
30866 814388843
31204 910548902
31302 850195960
31115 854025960
31531 842461864
31555 890582391
31191 857561202
31376 983416306
30623 854953961
30792 930471747
31159 894447359
31518 933292785
31313 924402520
31538 910079091
31230 799902994
31441 797295848
30664 871996038
30748 778662632
31514 900543749
31604 848637469
31349 824752632
31101 855534365
31434 879892401
31087 941525977
30727 941970140
30823 780149652
31401 966279601
30918 863939873
30763 853707149
31198 876419806
30655 932337932
31143 894539983
30729 864400829
30838 790918445
30700 843590290
31328 825285890
31354 928719223
31566 814291144
30990 845113175
31320 904398505
31269 842790462
30966 930476578
31177 791677154
31217 810360239
31280 876304411
30955 882548800
30709 839253220
31509 809643230
30678 922821992
31238 924932171
31220 889163625
30679 892289676
31035 904181266
0 0
