24960
23307
17688
30386
24188
29853
29621
20154
19930
21729
25775
19555
22747
21685
29331
22120
24374
22587
24716
22799
27449
28905
28649
18492
30279
25437
30151
23018
29748
18018
22378
23392
17971
24083
28106
22578
23619
27657
23024
22594
21290
18623
27606
26082
17621
29185
17790
19109
23258
30792
25044
27044
25742
24873
30358
21523
29841
22417
23767
30638
22343
17986
17916
26819
17834
28732
24188
30214
20531
30258
28375
29252
19562
29925
23542
23565
25823
28870
22463
30407
18187
20756
18832
27499
28472
28375
23124
19652
25636
22681
21652
29903
26944
20522
29161
26752
24105
21973
23686
27255
