78334644
143964015
422070578
384396
278742460
288335305
1
1
77439906
1
458844686
258052696
477644648
1
1
1
3
2
45037710
25831982
1
499565410
3
164261285
1
1
394922630
34953472
68656436
2
15381134
1
248328379
1
1
248891007
136449138
1
1
420131407
1
1
1
391651065
225686754
38917520
1
195248986
334992361
92102648
1
324733357
1
112719445
1
336732907
1
2
101232803
1
1
46334837
1
119759236
1
375751725
1
1
1
468382132
422995047
1
367977119
2
203493883
1
134773414
1
1
142234270
1
1
1
2
195671125
200711663
226839762
1
2
1
1
1
1
1
1
494029155
1
52151634
38176933
1
