836696519 156669288
481816142 287928030
729716554 844141156
673808505 768792
894682695 557484920
935702185 576670610
938918046 542307415
643322155 947500331
978241867 154879812
537701861 263583861
728556739 917689372
516124205 516105392
921533984 955289296
343260899 657369989
522112875 225642793
403657297 410871911
169878146 885148999
178315678 401806586
144430662 956659377
868328420 51663964
716774897 622506279
983847498 999130820
222614689 920385251
311588926 328522570
428286273 18683261
826022805 321597265
918071042 789845260
711847772 69906944
610649332 137312872
336618636 742136490
978670501 30762268
780063797 439982723
702216862 496656758
765735941 372027233
736056182 671879459
759552229 497782014
199972212 272898276
135727728 94629739
199442143 213739201
845378241 840262814
279100905 243887691
779045814 631038981
155735890 310402143
707603432 783302130
763626443 451373508
135078524 888306169
193742798 57733895
301770106 994038181
832468017 669984722
444383256 184205296
957070812 725965491
595090842 649466714
249541257 377084279
151512387 831488430
310075761 64856053
875973879 673465814
748377184 754026995
248635440 615951066
890068187 202465606
624489970 973146737
551925133 725196619
856956506 92669674
450722764 75665927
173189675 239518472
181419676 117269597
749373862 751503450
981517137 638675241
950174990 967479133
186889047 31351003
612610800 936764264
720684275 845990094
148724653 117697881
998511199 735954238
192693906 486669500
499002816 406987766
595928219 711268603
485032518 269546828
265695093 158196847
719496150 739738453
655837762 284468540
793039341 344343195
961987588 682845691
791238554 823459267
442419609 917242710
203629750 798601747
243861442 401423326
665532540 453679524
875191054 279076435
231256205 668031432
515628437 950981605
671022015 372427343
329794629 480720027
827244302 883731021
719397780 747057513
335917791 588024517
604694305 988058310
499646989 203467203
184605346 104303268
465421358 76353866
964858880 159972413
0 0
