859473627 3
956240946 2
769908138 1
931925803 3
891876928 5
665625504 3
915202937 4
700024919 1
109702497 6
319526591 3
730145675 1
860690632 3
328953076 6
662609943 3
670467042 5
141108958 5
107588524 3
309368389 2
419731038 6
957192719 6
965573245 2
165904142 6
526250381 3
276820219 3
811280136 1
873640531 1
817707080 3
717289810 1
351352420 4
328379650 2
995885947 3
571098078 6
607491934 5
697727738 1
963971184 3
847961930 3
252002248 2
191505991 2
444337059 5
683778462 4
338829718 1
753328355 5
932089891 4
925629086 2
863622856 5
292891583 5
886184584 1
783686071 1
703261144 6
592244170 2
962216896 2
958611013 5
964775510 2
832882280 6
264221663 4
321055621 3
908838989 2
625201697 3
821756883 1
899557318 2
391627845 5
845889276 1
914514024 6
528808726 1
638745577 1
111749499 4
419992685 6
406498258 4
832659746 6
397386658 6
873410903 3
665100136 4
145682642 6
168333668 5
598231630 1
718329557 1
627628255 5
639071473 5
796919580 5
112601649 3
154038225 4
400177614 2
275670228 3
311934453 2
820508870 4
322474200 4
949926378 4
640017809 4
789541020 1
586997497 3
440286912 1
734592151 2
692874519 5
887265088 6
185844671 6
262797532 1
304752882 2
755647555 3
362225644 4
676941546 2
0 0
