1
1
189677
204049899
1
27923
1
1
37893
1059462
39607
124576
38944732
15083
1
7384289
469664
403216498
3221748
1
486548
48471
318052658
316858837
16746434
359958
1
197757307
3356472
431169
1
1
1
388401341
1
208477615
29972596
485622434
1
1
1
1
1
1
1
1
1
1115373
1
8824589
1
23495
1
26221301
232318
1
240790
1
42960
1
1
1
1
12539113
11717
291648
1
1
1
1
403854
4298935
1
1
2306994
1
917074
30716
15436
1
1
1749666
1
1
300062915
1
36913445
1
1
1
1
17458035
4102705
1361989
22585
45055
231549740
30731
910232
1
