1 9953824
1 25018
1 379353
1 408099797
1 296196462
1 55845
1 147930
1 56038848
1 75785
1 2118923
1 79213
1 249151
1 77889463
1 30165
1 90504252
1 14768577
1 939327
1 806432995
1 6443495
1 92736880
1 973095
1 96941
1 636105315
1 633717673
1 33492867
1 719915
1 162064
1 395514613
1 6712943
1 862337
1 64549924
1 7377534
1 96826336
1 776802681
1 24026
1 416955229
1 59945191
1 971244867
1 1830994
1 95968
1 31851366
1 62300
1 57880
1 90251836
1 679756
1 204825070
1 9579902
1 2230745
1 499506776
1 17649177
1 2382828
1 46989
1 8403368
1 52442601
1 464635
1 90670998
1 481579
1 16595248
1 85919
1 6757630
1 427324036
1 372482
1 532546
1 25078225
1 23433
1 583295
1 437118
1 2801908
1 31348
1 7630156
1 807707
1 8597869
1 31148782
1 97539896
1 4613987
1 801702
1 1834147
1 61431
1 30871
1 530732592
1 275034
1 3499331
1 367181890
1 803529060
1 600125829
1 85246
1 73826889
1 568844396
1 138056388
1 856664950
1 234820
1 34916069
1 8205409
1 2723977
1 45169
1 90109
1 463099479
1 61461
1 1820463
1 927896
0 0
