5 304296275
5 275968294
2 495967
4 684410675
2 690028
10 95752
7 67337189
4 152174824
9 530092
2 461052
8 9760058
8 9520138
7 39607
6 401661
9 75097585
4 92230014
5 21615
7 283992
4 855463073
2 139300
9 671461
8 688939
9 389122917
8 3151229
6 25657
2 52222946
9 983284741
10 95807
4 99062
2 50010246
4 15357629
4 220729163
3 53793364
3 9813742
6 653941844
4 861909
5 5284638
7 3547392
5 40118915
5 361398
3 32532
6 515855
9 86992
5 25137
4 31263
7 681321149
4 7586339
9 38106
9 39806
6 34112
4 1052999
8 675134
7 3181784
10 38703302
6 973844401
6 78826174
8 516572
6 9681833
4 236357
4 50159
3 715949
5 317297743
9 16493966
2 10933
4 8106083
2 82998
7 6364715
4 2951455
3 127243591
3 53511700
2 47411532
3 16325
10 87124717
7 2968501
7 3540389
4 83551464
6 53360523
4 882410345
2 8724312
2 1123699
7 656677568
7 25004441
2 49988
7 9697190
6 614788675
8 716952209
4 462401820
6 647617
6 78276281
10 482398
10 86201
7 83473361
5 18283
6 55171095
2 779927
3 1892662
5 541860199
6 6114941
6 745741472
10 699096
0 0
