1 5232877
38086530
2 1875374
17080390 87034686
3 5564362
1419678 54559835 59948964
4 9257183
26536718 31515187 42415164 75431647
5 8178402
32025669 34644543 54750254 62925200 73290216
6 6381267
16926861 21942296 51445573 57315279 68117643 96534732
7 4839573
41763503 60596848 67565742 73889200 74785444 82066724 99799162
8 3258385
6668126 12582503 17317197 25820954 41218721 42963205 58602797 75792938
9 4864961
6032386 14239187 27374811 39221019 52568206 56653438 59697116 65122809 91536998
10 2020439
877222 2831437 15736091 43172909 44933967 45043312 54402387 72336386 72594995 90611769
100 1
181562 1643357 1886218 2612938 3438580 4363300 4450404 7982676 8132550 9789982 15249234 16615367 16792649 18539183 19708429 20390137 20647887 20987666 22260294 24369399 25124267 26254219 28190580 29896921 30286267 30928935 31591787 32892787 33018194 33491569 34087988 34459675 34524415 34881913 35831655 36835229 38410373 38764689 41017888 42394192 42886277 43042120 43070860 43492485 43705618 44468670 45464727 46210562 47980428 48016472 49498481 50002694 50817885 54582675 59291417 59680453 60303694 63310876 63494972 65041259 65305178 65429695 66912924 67135916 68569707 69666585 69766693 70218032 70413647 70575096 70667553 70907233 72455572 73091034 75766914 76161487 76229146 77152069 77440511 77495754 78715101 79354963 79468346 80279428 81793358 81833168 82777766 84701576 87068808 87655807 91847312 91856148 93809634 94123177 94296512 94701203 96643152 96657257 98756488 99824978
100 1
329193 367556 1324024 1894591 2595245 3190607 3713187 4815041 5358999 5376642 5568262 5606748 5785021 5895749 6108270 14064029 14450353 16941078 17357431 21785498 25897113 25977015 26221701 26315447 26613233 27949932 28614510 30233188 30323325 30926721 32030146 34398778 34491376 35923930 39031482 40171154 40231060 41009680 41241478 41427110 41755885 42235909 43785678 45746377 46286364 47909518 48142484 49225897 49580389 50232585 50385540 51270153 51419075 52598298 52763547 53081049 53230111 53692605 58670568 61160595 61548022 62587690 66406326 66842924 68062402 68859981 69460700 70603262 70981322 71022222 71333083 72010670 72282600 73102196 74126712 74224094 75729603 76329645 77089681 77258067 80397769 80619317 81363987 81800992 82947786 83072068 83398980 84926763 86074446 86916330 88623983 89102161 90484520 90542421 92257638 94110681 95271010 96527036 97086698 99443856
100 1
42152 4349964 6141668 6412871 6880702 7104114 7808264 8658429 10003339 13723361 14726814 15291633 15931482 16132468 19017163 20512376 20737139 20754633 22429876 24760603 25538801 26118607 28907145 29559212 31473258 31972896 34443884 34620579 34787184 36633281 37722408 37743657 41209630 41683872 42967369 43424976 44680083 44785939 44986071 45123816 45297513 45577428 46315660 46936862 46937506 47059420 48069104 48920047 50238524 53844540 54784543 56626233 56937703 57736699 59854880 60524877 60606510 61611589 61687462 61948408 62539249 63219240 63546080 63576483 63820980 64583395 65706758 68619738 68819309 69159622 69264042 69682790 69785510 70267532 70831172 72058237 72520820 74729208 75154413 80754474 81429324 81778490 82504535 83237185 83366222 83681799 83736523 84669773 87209680 88158919 89241217 90901740 91701496 91716849 93857603 93958279 95468200 96392685 97768274 98164189
100 1
1778168 3274817 3507817 3891007 3942156 4035189 5020310 6976181 9398063 10274984 11627761 14052032 14427521 14983000 17154789 17365502 17396605 19745737 21154868 21947375 22279938 23068446 23087932 23380936 23403803 24710294 25763797 26873248 27892471 31021017 32247389 32360289 32543086 33154430 33637625 34288541 34560789 35574895 38612889 40377129 42258535 42835171 45797243 47415812 48872660 48927620 50973600 51637808 52269721 52634551 53254576 54290326 55353125 57995069 58117375 61887968 62583326 63043290 63267241 64977371 65112579 68291361 69050794 70793575 71902338 71950877 72063949 72772343 73014491 73467565 73500589 74653932 75912395 76373135 76559955 77190693 78193419 78960171 80405619 80413162 82693044 83673097 84226711 84841245 86149736 87300466 88436497 91215586 91734540 92122796 92167106 92765996 92900609 93612199 95472340 95843243 96242194 96766857 97265479 97900189
100 1
686282 1258014 2061830 2212078 2232277 2953212 3456065 4027240 8016227 8265027 9067957 10250623 10697455 11602215 11761864 12557334 12615705 13348176 15749069 19049559 19888670 20877075 21293599 21349026 23457760 25448241 25600078 26170948 27912852 28180311 29338338 30247214 31014649 31230402 32934349 34555324 34937861 35443928 35947689 39419412 40351952 42682858 43186841 43673829 44493245 44840394 45193630 46406102 46477970 50458064 50562665 52741328 53228428 55192505 55764253 56821740 57751963 58071480 58475124 58573433 62017605 62753334 62826348 63133045 63148066 63368984 64093655 68255121 68908105 71370926 72469041 75429940 77816134 77941230 78284161 79320086 79422875 79543204 79644315 80061488 80569566 81379191 82120520 82911849 85579238 85597069 85892609 87780254 88158909 90572622 91338876 91570498 91650428 92187071 94273545 94677507 97122671 97204304 98461649 99297279
100 1
141693 382407 565113 791336 936808 4262588 6282901 6646970 6835262 7137817 7382968 8472426 9455039 10422332 14081280 14373568 14959438 15022686 15203584 15410468 16777620 16916222 18249011 18772710 20226160 21123609 22614325 22690951 23542267 23823318 26067039 28105992 28266646 29820375 31097712 31445592 31742227 32871718 34091729 35899081 36007445 36154273 36835217 37061814 38180649 39551853 39621354 40381075 41075492 42047497 42346839 43348990 45575772 47016723 48538815 48595767 50749210 52989537 55331469 55730864 55768154 56165405 56476802 58586815 59693789 62170070 62571428 63207232 64559665 65225323 65268502 65682082 66182942 66592619 67193841 70553332 70897960 72842648 74166727 75694442 78231235 78400408 79850305 81306452 81331701 81866808 84587422 85647527 86010552 86667214 86828469 89037347 91594436 91672641 94593511 94756176 95845207 98046994 98579278 99565572
100 1
294894 859542 1300335 1890892 2360929 6686467 6834926 8287397 11481113 11538910 11661654 11830704 12595856 16981104 17387072 17589749 17935768 18491486 18963878 19803912 19835520 20449035 20512679 21399669 22141726 25033162 25335426 25345394 25432802 25700965 27231225 30547536 32697776 33671287 33732527 33928024 34030160 34330753 35297632 35718696 35857243 36704133 38380035 39765871 40652013 42207389 43531094 44450330 45301765 45986345 47190683 47963901 49829390 50317661 50971291 52280513 52552035 53246113 54717813 55642428 55821774 56461800 57890763 59433560 62557536 62879724 63102081 63108607 63554601 66169155 67838390 68762004 68816719 73307321 73340383 74103465 76803721 76854037 77795539 78307373 79951584 82158645 83633531 85322318 85476832 86407338 86655487 87251853 88740340 89046194 90314529 94597620 94658175 95329280 95934737 96078378 97075571 97476046 98841071 99654297
100 1
686822 3123853 3320940 4686777 6081490 6538322 6833677 8149049 8670899 9241778 9659738 9921623 10924104 11759222 12852866 13659148 14761005 14942169 16268405 16306860 16992811 19431111 20333187 22909405 27231185 27255207 27756095 28889902 30957065 32640042 33238599 33366189 33652058 35446330 36436260 39188083 39455600 39529035 41461374 41898290 43174335 44664971 44740814 47272182 47763830 49012753 50870076 52087733 52776900 52881619 53195463 54616589 54975566 56533436 57805051 58693281 58790464 59452543 63434353 64405849 64720916 66211615 68729897 69472498 69646522 69728056 69730520 72134007 73477964 73559914 75611018 76187451 76721791 77768675 78879526 78962566 80312715 81027120 81281179 81991072 82965962 83151800 83838205 84367826 84896511 85183574 85890095 86119156 86412631 87160259 88370742 89058624 89174876 91930186 92004787 92568934 95713542 95899646 98403913 98773708
100 1
1986685 3185806 3799600 3839132 4790951 4870512 6693253 7507288 9430403 11022904 13155489 13212968 13338187 13912218 17054122 17720479 18307212 18659947 18907512 19520991 20083152 20339434 23356193 23610260 23834580 24518023 25324859 25597012 26000869 28917216 29505411 29681175 33235136 33593474 35079347 35666766 37736638 37856877 38940384 40493239 44442495 44748900 45630785 45861437 47301794 47546959 48107543 48135227 48150702 52673253 54334759 54988488 55607256 56143798 57560022 58238386 58307301 58318318 58487204 60605960 60814328 61284462 62621819 62862855 63069263 63353956 64590725 64888775 66895598 69022951 69715361 71030318 71510417 71979955 73462150 73646094 74487545 75131005 76520468 77056667 77398749 77849493 78545689 79667241 80233241 81121497 81310916 81710368 83635879 84455766 86608371 89155535 93909113 96250971 96747094 96989820 97239447 98030623 98305717 99064907
100 1
589114 1935541 2839292 3177134 3189650 5142435 6377031 7786141 10044299 10162875 10487593 11607325 12250043 13666720 13990430 14881651 15652085 15980651 16070827 16202114 17032067 17419048 17969919 18031679 20819525 20939666 21157392 22221818 24151240 24602360 24910956 25061458 27344251 29675407 31175708 31980074 33204742 38889302 40548232 41572529 41837130 42885988 43809141 45110893 46397019 48386382 48542342 49654568 49986270 51489523 52029209 52031054 52842054 53298606 53653507 55075281 55606055 55736966 56048659 56141631 56337552 56343878 56468752 56710588 58940233 60300858 60439463 64331792 64979219 65504838 66320162 66918472 69244679 69767094 70034214 70632469 70898202 71023959 73401265 74029266 75021516 75088407 75134686 77238112 78080307 78802311 79143272 79406507 86063523 86550564 86804625 88473407 89933657 93168529 93222478 93316115 96298894 96460260 96866027 97956314
100 48548563
1016827 2260321 3800631 4452042 5133487 5311035 5997659 6512232 6888273 7005390 8519452 9265235 9818783 9832327 9857343 11258868 11390606 11528169 11765245 11817572 12014841 12875869 13650263 14621459 15349652 15510843 16971460 17877508 19192509 19783639 19943137 20952327 21889612 23106051 23619487 23775940 24496276 25290723 25841892 26158154 27217979 28280007 29908959 30157288 31239012 31308667 31518094 34972292 35789512 36707974 39288673 39734647 40582393 43105965 46335886 46757274 47042340 48455739 48612340 48702264 50524460 50861355 52215797 52549412 54993295 57855000 58251289 58510982 59700741 60121113 60581144 66493463 66531294 66590584 68692615 69135806 70458386 75171010 76396608 77330705 79311824 80085720 83336257 83498723 83979335 84480655 84712290 85653564 85877756 86525036 88049304 89862063 93330302 93949373 94359678 95064235 96779241 98324989 98482789 99590975
100 6062472
2934292 3573517 5762831 6070323 7309360 8379528 10322144 11212870 11783377 13141799 13166983 13579712 14198649 14809561 16917444 19518010 19590007 19593027 20977948 23889009 25203330 27229377 29818376 34973760 35704356 36250496 37210997 37529031 38405424 39002513 39316590 40153288 41685792 42174104 42186360 42488194 42490876 43412821 44187154 44660648 45892680 46322197 46825403 47212009 47424123 47689667 50033226 50424393 51479194 52342814 52791696 55073812 56486513 57777154 58447238 59498949 60192664 60516242 60577589 61135769 61258742 61752170 66198636 67079721 68475912 69048900 69652125 70286178 70816531 71560235 72355480 73822125 74841402 76002241 76100548 76843283 77917712 78300458 78496300 80517316 83181382 83293944 83750630 84857801 86270746 86428187 86584246 86960973 87401252 87404352 87554310 87628476 92191417 92891648 93409253 93781160 97147895 97489237 98951070 99545425
100 18022726
613670 1029779 1431677 2128108 2299053 2715240 3462312 4003700 4065452 7043275 10603863 14612631 14882552 14979396 17573283 18916076 18965684 20326116 20866172 21274982 21839993 22276144 23328127 24300686 25810818 28562108 29017681 31246940 31931703 33247966 33468430 35367744 35552234 35659728 35729273 36223770 37520233 39273195 39293279 40928744 44463358 44636682 44762482 44763315 46144160 47442635 47812543 48305944 52587254 52691692 53064408 55647919 56178389 57742479 59299156 60630556 60689507 64788470 65369787 66184899 66972708 67648280 67664264 68007881 68113652 69054316 69258775 69544091 69556387 70029340 70611710 71107040 71831251 73626092 76619143 77238796 77471866 77726318 78439574 78963433 79955965 80730027 81241871 83532261 84140544 84813043 85409450 88370864 88473005 88559157 88787609 88927881 90471161 92457085 94359022 94858011 95281577 95568231 98132909 99386322
100 1082697
131394 188501 1113603 2395845 2838610 3450124 4209594 4879211 5237187 6078300 6240775 7962410 8110996 8146141 10722346 10916683 14013777 14813914 15745428 19645532 19674815 20261238 21449578 21611281 23188187 24054682 25160236 25266452 25504083 26366952 27030254 27314398 31454444 32611059 32897985 33483581 33491386 34229824 37748499 37811969 39845325 39957888 43305797 44087740 45113651 46143300 48666038 49199649 49421966 49709619 51502254 51544625 52190051 52644339 54498816 55115788 55877452 56526262 57147616 57351255 60112893 61115294 61523569 62717170 65768455 66587843 67065558 67294341 71818783 73135205 73321014 73384534 74997909 76647855 76831559 76898583 77656844 79771050 80125127 82035276 84456986 85010555 85180811 85406653 86446702 86782784 86982305 87630893 87840326 91638466 92370765 92497573 92775258 92950706 93284276 96043344 98109837 98264316 98629870 98669125
100 2015727
283571 1943003 2315396 2721966 4978695 5508552 6104541 7245973 8053899 9065340 9118786 10732389 11496600 12847228 13874368 14478079 15170467 17325980 18460118 20177621 22015824 22062111 25579247 27402432 27924346 28967725 29426767 29803275 30522293 32260481 32412318 33233130 33753875 34093217 34474827 34811819 35486225 36720007 37428583 39992708 40324206 40926376 41089213 41396408 41659172 41836912 42311280 43515619 43878409 44442567 45761765 47903967 48103536 49263084 50232317 51815001 52217338 53501666 54853886 57392372 57477925 58128188 58555792 59281767 59449520 60891863 61098141 62030370 62565430 64123372 64504491 64790165 65606235 70159654 70827303 72007990 73867196 73901536 74186027 74804802 77249262 77627423 81199125 83064224 85334754 85478897 87774947 87788567 87890402 89712256 93448257 93462330 94418428 95843219 95865473 96098763 97064503 98122811 98666145 99853491
100 2049544
543943 1870919 3404026 3629090 4018485 4481140 5493911 5561838 6646057 9508175 10126885 10613119 10833724 11708895 12390832 13446578 14722484 15707694 16247095 16363725 17180423 17637567 17937755 19194420 21964588 22625249 25522426 28310078 28334254 30795278 30893171 30972402 33284173 33736608 35360281 37191143 40445700 41684028 42278254 42802851 42957557 43025702 44306813 44969116 45410693 45640044 47160882 47920980 50065102 52773574 53941465 53967804 54622001 55569689 56877244 56887775 58218576 59069886 60674596 62187159 67087660 67382749 68916347 70819769 73638769 74185990 74203377 77616574 77843648 79111552 79374702 79706245 80628779 81048336 82438252 83203097 83363612 83458180 83709155 86145738 86258113 86274999 86806597 87001555 88115366 88239274 88674625 90280479 91462750 93093746 93708882 94011439 94636261 94715024 96607935 96975464 97403563 98029406 99000628 99729989
100 1401931
41111 757408 1388420 1452429 1557707 6805965 7306848 10102097 12243929 15264677 17235710 18009354 19424367 19914529 21372993 22718660 22904398 23424276 24758356 25896446 26067391 26338294 26386725 28233276 28809922 29609374 30055040 31210293 33657379 34977600 35505098 37074593 38225671 38721074 39097024 39414463 39961870 40032305 40177072 42916933 45855238 46271799 47185250 47354590 47738581 48626920 49625880 50632629 51314792 51373686 52844048 53630871 57150733 58685774 61181351 61564472 62127614 63023943 63859716 66153467 67606120 67639772 68085212 70130832 70975765 71340763 71542074 72729899 72836633 74366605 74388775 74781368 75045854 75118705 76146425 76672673 78749601 79394767 81276410 82461389 84002836 84370012 85710807 86044339 88265660 88823651 89525725 89866701 90423664 91272696 91904103 92216249 92495328 93086514 94432603 95002651 95088105 95130942 96867838 99111932
100 25824
1662687 1906068 3129367 3337493 6818180 7071464 9740089 12443865 13170508 17237095 17337653 18296536 21955293 22632020 23067600 23300346 23375817 23409221 24221446 25007520 26948696 28002860 29353844 30214507 31940989 32467105 33637028 34572062 34968448 35079775 35158854 35327433 40619097 41161300 41621351 42073039 43639172 43970559 44123784 46323386 46494059 47193894 47315028 48259665 48262372 48536214 51225385 51267230 51374571 52145884 52194773 54739833 55032297 56581382 56955636 58122759 61244928 61840036 63260806 63578584 64339431 64603359 64891656 65048773 66530936 66568146 66743949 67583614 67854687 71657596 71791435 72894975 74448567 74486088 78708384 79804418 80722703 80969979 81536824 82697489 82719137 84713818 85824261 86535972 86598665 87105256 87518815 87534993 87591730 87877727 90394403 92102311 93540758 95008983 95187494 95257163 95887706 96565663 96762156 99890597
100 100747
782533 1639492 1839802 3274861 4930494 5038866 5158469 6638593 6793832 8556313 11792431 12041389 12127339 14587758 15653308 15788163 16185931 16274651 17033437 17213909 17464530 18555094 19840100 22303951 22486405 23031348 25320526 25751925 26645893 27628421 28154360 29907794 30444626 30505324 31707751 35154464 35339463 36230661 36237043 36907619 37635138 38069050 38443518 38785750 40155452 40814557 41003886 41042609 42428218 43612664 45361531 45611463 46228963 46506263 47527626 48379752 48784717 52028936 52939949 53435166 54420943 55157499 55284745 56036505 56087678 56344023 58106413 59421836 61665295 62025026 64355427 66067113 68105384 68805822 69341759 69777322 73184862 73217834 75403086 76742830 77559704 77762118 79887720 81619419 82153102 83706578 83891146 84652330 85202673 85366130 86648725 87622981 87744916 91283399 91334758 91349461 92746640 93377871 98394940 98896199
100 87993
2060784 2699374 3404696 4205851 4877384 4994899 5349801 6239023 6757875 8596966 10097585 10119178 14449565 15525429 16542074 17078350 18061998 19430274 19667188 19807069 20246453 22454401 23246235 26893672 27223108 29516834 30044057 30862462 32915654 35145082 35534372 36180423 36720648 36894462 37417099 39294179 39777195 42157737 42962369 43408006 44271821 44454914 44520353 45546748 45680468 46677619 47131108 47286153 47711345 49552815 51231666 51443359 51901549 52533755 52759727 53486568 54702354 54707284 56875017 59719420 61338527 62622935 65569625 67841233 68179274 68224269 68326282 68624174 69384216 70300541 72314595 72709070 72785377 73586802 75622793 76884560 79379311 80873885 81599071 81931136 82339892 86014205 86159091 86852366 87041722 87242763 87717022 90476664 92012511 93951913 94188703 94653064 94717831 96335761 96630903 96826708 97097052 98248902 99546585 99721941
100 100000000
1513219 1909637 2286426 3392147 3608523 5779710 6289340 8516378 9255147 9699162 10307763 11221760 11952437 12235567 12690177 13924973 14670373 15607570 17474376 17801095 19534098 20350319 21322297 21899516 22327730 23780187 23804849 24424383 24534400 25620719 26043279 26787854 28431111 28718651 28839663 29053252 30913880 31272171 31364034 35652965 36734601 36856669 38659576 39185767 40163487 40762354 40997881 41123138 41430278 41806098 44995467 46141576 49983306 49999842 50658030 53291191 54089139 55577391 55787345 56610513 59544060 64126518 64835723 68239532 68520178 68646686 68652591 69164560 69969754 70101309 72229272 72784428 72896838 73296326 73511273 75897651 76676401 82601248 83715130 83900712 84917974 85001568 85602140 88285525 89580876 90927892 92166253 92373147 93821623 94252794 95242513 95479211 96109641 96471880 96718760 96819665 97246570 97775259 99201850 99520292
99 100000000
1698392 2996760 3687222 3805638 4190173 6620664 6865014 7365396 8647677 9102534 10424375 10539146 12202203 13483556 15388416 15611263 16246093 16615418 17120768 20916264 21456678 22054058 22073818 22184017 23379457 23793963 26081719 27506798 27731055 28554769 28625953 29291356 30247637 31140309 33070367 35208554 35212661 36957790 37006085 38033321 38986167 40178507 40570982 41005200 41220919 41670388 42204016 43148963 44406905 45848011 47914528 54570206 57667421 58201764 59242510 60677839 61578815 61805533 62800028 63005615 63192941 63530002 63661800 65163504 65245740 65580707 65663376 66981904 68367468 69020923 69021384 71518274 72043166 73374753 73866744 74270534 74977801 76891822 79009811 80176094 81861722 83257863 83310507 83552031 86207109 86308656 86769792 88557297 88937834 89607108 91911638 93914091 95861958 96243857 96606165 96691323 96978897 98387150 99438020
3 1
50343273 50343274 50343275
100 1
2053377 2053378 2053379 2053380 2053381 2053382 2053383 2053384 2053385 2053386 2053387 2053388 2053389 2053390 2053391 2053392 2053393 2053394 2053395 2053396 2053397 2053398 2053399 2053400 2053401 2053402 2053403 2053404 2053405 2053406 2053407 2053408 2053409 2053410 2053411 2053412 2053413 2053414 2053415 2053416 2053417 2053418 2053419 2053420 2053421 2053422 2053423 2053424 2053425 2053426 2053427 2053428 2053429 2053430 2053431 2053432 2053433 2053434 2053435 2053436 2053437 2053438 2053439 2053440 2053441 2053442 2053443 2053444 2053445 2053446 2053447 2053448 2053449 2053450 2053451 2053452 2053453 2053454 2053455 2053456 2053457 2053458 2053459 2053460 2053461 2053462 2053463 2053464 2053465 2053466 2053467 2053468 2053469 2053470 2053471 2053472 2053473 2053474 2053475 2053476
4 1
44182973 44182974 44182975 44182976
99 1
9208978 9208979 9208980 9208981 9208982 9208983 9208984 9208985 9208986 9208987 9208988 9208989 9208990 9208991 9208992 9208993 9208994 9208995 9208996 9208997 9208998 9208999 9209000 9209001 9209002 9209003 9209004 9209005 9209006 9209007 9209008 9209009 9209010 9209011 9209012 9209013 9209014 9209015 9209016 9209017 9209018 9209019 9209020 9209021 9209022 9209023 9209024 9209025 9209026 9209027 9209028 9209029 9209030 9209031 9209032 9209033 9209034 9209035 9209036 9209037 9209038 9209039 9209040 9209041 9209042 9209043 9209044 9209045 9209046 9209047 9209048 9209049 9209050 9209051 9209052 9209053 9209054 9209055 9209056 9209057 9209058 9209059 9209060 9209061 9209062 9209063 9209064 9209065 9209066 9209067 9209068 9209069 9209070 9209071 9209072 9209073 9209074 9209075 9209076
5 1
28356675 28356676 28356677 28356678 28356679
98 1
73750585 73750586 73750587 73750588 73750589 73750590 73750591 73750592 73750593 73750594 73750595 73750596 73750597 73750598 73750599 73750600 73750601 73750602 73750603 73750604 73750605 73750606 73750607 73750608 73750609 73750610 73750611 73750612 73750613 73750614 73750615 73750616 73750617 73750618 73750619 73750620 73750621 73750622 73750623 73750624 73750625 73750626 73750627 73750628 73750629 73750630 73750631 73750632 73750633 73750634 73750635 73750636 73750637 73750638 73750639 73750640 73750641 73750642 73750643 73750644 73750645 73750646 73750647 73750648 73750649 73750650 73750651 73750652 73750653 73750654 73750655 73750656 73750657 73750658 73750659 73750660 73750661 73750662 73750663 73750664 73750665 73750666 73750667 73750668 73750669 73750670 73750671 73750672 73750673 73750674 73750675 73750676 73750677 73750678 73750679 73750680 73750681 73750682
6 1
66206208 66206209 66206210 66206211 66206212 66206213
97 1
91014734 91014735 91014736 91014737 91014738 91014739 91014740 91014741 91014742 91014743 91014744 91014745 91014746 91014747 91014748 91014749 91014750 91014751 91014752 91014753 91014754 91014755 91014756 91014757 91014758 91014759 91014760 91014761 91014762 91014763 91014764 91014765 91014766 91014767 91014768 91014769 91014770 91014771 91014772 91014773 91014774 91014775 91014776 91014777 91014778 91014779 91014780 91014781 91014782 91014783 91014784 91014785 91014786 91014787 91014788 91014789 91014790 91014791 91014792 91014793 91014794 91014795 91014796 91014797 91014798 91014799 91014800 91014801 91014802 91014803 91014804 91014805 91014806 91014807 91014808 91014809 91014810 91014811 91014812 91014813 91014814 91014815 91014816 91014817 91014818 91014819 91014820 91014821 91014822 91014823 91014824 91014825 91014826 91014827 91014828 91014829 91014830
7 1
98087708 98087709 98087710 98087711 98087712 98087713 98087714
96 1
30551066 30551067 30551068 30551069 30551070 30551071 30551072 30551073 30551074 30551075 30551076 30551077 30551078 30551079 30551080 30551081 30551082 30551083 30551084 30551085 30551086 30551087 30551088 30551089 30551090 30551091 30551092 30551093 30551094 30551095 30551096 30551097 30551098 30551099 30551100 30551101 30551102 30551103 30551104 30551105 30551106 30551107 30551108 30551109 30551110 30551111 30551112 30551113 30551114 30551115 30551116 30551117 30551118 30551119 30551120 30551121 30551122 30551123 30551124 30551125 30551126 30551127 30551128 30551129 30551130 30551131 30551132 30551133 30551134 30551135 30551136 30551137 30551138 30551139 30551140 30551141 30551142 30551143 30551144 30551145 30551146 30551147 30551148 30551149 30551150 30551151 30551152 30551153 30551154 30551155 30551156 30551157 30551158 30551159 30551160 30551161
2 100000000
0 100000000
100 476183
17127587 17603770 18079953 18556136 19032319 19508502 19984685 20460868 20937051 21413234 21889417 22365600 22841783 23317966 23794149 24270332 24746515 25222698 25698881 26175064 26651247 27127430 27603613 28079796 28555979 29032162 29508345 29984528 30460711 30936894 31413077 31889260 32365443 32841626 33317809 33793992 34270175 34746358 35222541 35698724 36174907 36651090 37127273 37603456 38079639 38555822 39032005 39508188 39984371 40460554 40936737 41412920 41889103 42365286 42841469 43317652 43793835 44270018 44746201 45222384 45698567 46174750 46650933 47127116 47603299 48079482 48555665 49031848 49508031 49984214 50460397 50936580 51412763 51888946 52365129 52841312 53317495 53793678 54269861 54746044 55222227 55698410 56174593 56650776 57126959 57603142 58079325 58555508 59031691 59507874 59984057 60460240 60936423 61412606 61888789 62364972 62841155 63317338 63793521 64269704
100 476183
48459702 48935886 49412070 49888254 50364438 50840622 51316806 51792990 52269174 52745358 53221542 53697726 54173910 54650094 55126278 55602462 56078646 56554830 57031014 57507198 57983382 58459566 58935750 59411934 59888118 60364302 60840486 61316670 61792854 62269038 62745222 63221406 63697590 64173774 64649958 65126142 65602326 66078510 66554694 67030878 67507062 67983246 68459430 68935614 69411798 69887982 70364166 70840350 71316534 71792718 72268902 72745086 73221270 73697454 74173638 74649822 75126006 75602190 76078374 76554558 77030742 77506926 77983110 78459294 78935478 79411662 79887846 80364030 80840214 81316398 81792582 82268766 82744950 83221134 83697318 84173502 84649686 85125870 85602054 86078238 86554422 87030606 87506790 87982974 88459158 88935342 89411526 89887710 90363894 90840078 91316262 91792446 92268630 92744814 93220998 93697182 94173366 94649550 95125734 95601918
100 397501
44129117 44526618 44924119 45321620 45719121 46116622 46514123 46911624 47309125 47706626 48104127 48501628 48899129 49296630 49694131 50091632 50489133 50886634 51284135 51681636 52079137 52476638 52874139 53271640 53669141 54066642 54464143 54861644 55259145 55656646 56054147 56451648 56849149 57246650 57644151 58041652 58439153 58836654 59234155 59631656 60029157 60426658 60824159 61221660 61619161 62016662 62414163 62811664 63209165 63606666 64004167 64401668 64799169 65196670 65594171 65991672 66389173 66786674 67184175 67581676 67979177 68376678 68774179 69171680 69569181 69966682 70364183 70761684 71159185 71556686 71954187 72351688 72749189 73146690 73544191 73941692 74339193 74736694 75134195 75531696 75929197 76326698 76724199 77121700 77519201 77916702 78314203 78711704 79109205 79506706 79904207 80301708 80699209 81096710 81494211 81891712 82289213 82686714 83084215 83481716
100 397501
39044197 39441699 39839201 40236703 40634205 41031707 41429209 41826711 42224213 42621715 43019217 43416719 43814221 44211723 44609225 45006727 45404229 45801731 46199233 46596735 46994237 47391739 47789241 48186743 48584245 48981747 49379249 49776751 50174253 50571755 50969257 51366759 51764261 52161763 52559265 52956767 53354269 53751771 54149273 54546775 54944277 55341779 55739281 56136783 56534285 56931787 57329289 57726791 58124293 58521795 58919297 59316799 59714301 60111803 60509305 60906807 61304309 61701811 62099313 62496815 62894317 63291819 63689321 64086823 64484325 64881827 65279329 65676831 66074333 66471835 66869337 67266839 67664341 68061843 68459345 68856847 69254349 69651851 70049353 70446855 70844357 71241859 71639361 72036863 72434365 72831867 73229369 73626871 74024373 74421875 74819377 75216879 75614381 76011883 76409385 76806887 77204389 77601891 77999393 78396895
100 552670
34013977 34566647 35119317 35671987 36224657 36777327 37329997 37882667 38435337 38988007 39540677 40093347 40646017 41198687 41751357 42304027 42856697 43409367 43962037 44514707 45067377 45620047 46172717 46725387 47278057 47830727 48383397 48936067 49488737 50041407 50594077 51146747 51699417 52252087 52804757 53357427 53910097 54462767 55015437 55568107 56120777 56673447 57226117 57778787 58331457 58884127 59436797 59989467 60542137 61094807 61647477 62200147 62752817 63305487 63858157 64410827 64963497 65516167 66068837 66621507 67174177 67726847 68279517 68832187 69384857 69937527 70490197 71042867 71595537 72148207 72700877 73253547 73806217 74358887 74911557 75464227 76016897 76569567 77122237 77674907 78227577 78780247 79332917 79885587 80438257 80990927 81543597 82096267 82648937 83201607 83754277 84306947 84859617 85412287 85964957 86517627 87070297 87622967 88175637 88728307
100 552670
41438246 41990917 42543588 43096259 43648930 44201601 44754272 45306943 45859614 46412285 46964956 47517627 48070298 48622969 49175640 49728311 50280982 50833653 51386324 51938995 52491666 53044337 53597008 54149679 54702350 55255021 55807692 56360363 56913034 57465705 58018376 58571047 59123718 59676389 60229060 60781731 61334402 61887073 62439744 62992415 63545086 64097757 64650428 65203099 65755770 66308441 66861112 67413783 67966454 68519125 69071796 69624467 70177138 70729809 71282480 71835151 72387822 72940493 73493164 74045835 74598506 75151177 75703848 76256519 76809190 77361861 77914532 78467203 79019874 79572545 80125216 80677887 81230558 81783229 82335900 82888571 83441242 83993913 84546584 85099255 85651926 86204597 86757268 87309939 87862610 88415281 88967952 89520623 90073294 90625965 91178636 91731307 92283978 92836649 93389320 93941991 94494662 95047333 95600004 96152675
100 700382
27138771 27839153 28539535 29239917 29940299 30640681 31341063 32041445 32741827 33442209 34142591 34842973 35543355 36243737 36944119 37644501 38344883 39045265 39745647 40446029 41146411 41846793 42547175 43247557 43947939 44648321 45348703 46049085 46749467 47449849 48150231 48850613 49550995 50251377 50951759 51652141 52352523 53052905 53753287 54453669 55154051 55854433 56554815 57255197 57955579 58655961 59356343 60056725 60757107 61457489 62157871 62858253 63558635 64259017 64959399 65659781 66360163 67060545 67760927 68461309 69161691 69862073 70562455 71262837 71963219 72663601 73363983 74064365 74764747 75465129 76165511 76865893 77566275 78266657 78967039 79667421 80367803 81068185 81768567 82468949 83169331 83869713 84570095 85270477 85970859 86671241 87371623 88072005 88772387 89472769 90173151 90873533 91573915 92274297 92974679 93675061 94375443 95075825 95776207 96476589
100 700382
27388518 28088901 28789284 29489667 30190050 30890433 31590816 32291199 32991582 33691965 34392348 35092731 35793114 36493497 37193880 37894263 38594646 39295029 39995412 40695795 41396178 42096561 42796944 43497327 44197710 44898093 45598476 46298859 46999242 47699625 48400008 49100391 49800774 50501157 51201540 51901923 52602306 53302689 54003072 54703455 55403838 56104221 56804604 57504987 58205370 58905753 59606136 60306519 61006902 61707285 62407668 63108051 63808434 64508817 65209200 65909583 66609966 67310349 68010732 68711115 69411498 70111881 70812264 71512647 72213030 72913413 73613796 74314179 75014562 75714945 76415328 77115711 77816094 78516477 79216860 79917243 80617626 81318009 82018392 82718775 83419158 84119541 84819924 85520307 86220690 86921073 87621456 88321839 89022222 89722605 90422988 91123371 91823754 92524137 93224520 93924903 94625286 95325669 96026052 96726435
100 410830
8188282 8599112 9009942 9420772 9831602 10242432 10653262 11064092 11474922 11885752 12296582 12707412 13118242 13529072 13939902 14350732 14761562 15172392 15583222 15994052 16404882 16815712 17226542 17637372 18048202 18459032 18869862 19280692 19691522 20102352 20513182 20924012 21334842 21745672 22156502 22567332 22978162 23388992 23799822 24210652 24621482 25032312 25443142 25853972 26264802 26675632 27086462 27497292 27908122 28318952 28729782 29140612 29551442 29962272 30373102 30783932 31194762 31605592 32016422 32427252 32838082 33248912 33659742 34070572 34481402 34892232 35303062 35713892 36124722 36535552 36946382 37357212 37768042 38178872 38589702 39000532 39411362 39822192 40233022 40643852 41054682 41465512 41876342 42287172 42698002 43108832 43519662 43930492 44341322 44752152 45162982 45573812 45984642 46395472 46806302 47217132 47627962 48038792 48449622 48860452
100 410830
45614032 46024863 46435694 46846525 47257356 47668187 48079018 48489849 48900680 49311511 49722342 50133173 50544004 50954835 51365666 51776497 52187328 52598159 53008990 53419821 53830652 54241483 54652314 55063145 55473976 55884807 56295638 56706469 57117300 57528131 57938962 58349793 58760624 59171455 59582286 59993117 60403948 60814779 61225610 61636441 62047272 62458103 62868934 63279765 63690596 64101427 64512258 64923089 65333920 65744751 66155582 66566413 66977244 67388075 67798906 68209737 68620568 69031399 69442230 69853061 70263892 70674723 71085554 71496385 71907216 72318047 72728878 73139709 73550540 73961371 74372202 74783033 75193864 75604695 76015526 76426357 76837188 77248019 77658850 78069681 78480512 78891343 79302174 79713005 80123836 80534667 80945498 81356329 81767160 82177991 82588822 82999653 83410484 83821315 84232146 84642977 85053808 85464639 85875470 86286301
100 209801
21789964 21894864 21999764 22104664 22209564 22314464 22419364 22524264 22629164 22734064 22838964 22943864 23048764 23153664 23258564 23363464 23468364 23573264 23678164 23783064 23887964 23992864 24097764 24202664 24307564 24412464 24517364 24622264 24727164 24832064 24936964 25041864 25146764 25251664 25356564 25461464 25566364 25671264 25776164 25881064 25985964 26090864 26195764 26300664 26405564 26510464 26615364 26720264 26825164 26930064 27034964 27139864 27244764 27349664 27454564 27559464 27664364 27769264 27874164 27979064 28083964 28188864 28293764 28398664 28503564 28608464 28713364 28818264 28923164 29028064 29132964 29237864 29342764 29447664 29552564 29657464 29762364 29867264 29972164 30077064 30181964 30286864 30391764 30496664 30601564 30706464 30811364 30916264 31021164 31126064 31230964 31335864 31440764 31545664 31650564 31755464 31860364 31965264 32070164 32175064
100 626601
50004459 50213326 50422193 50631060 50839927 51048794 51257661 51466528 51675395 51884262 52093129 52301996 52510863 52719730 52928597 53137464 53346331 53555198 53764065 53972932 54181799 54390666 54599533 54808400 55017267 55226134 55435001 55643868 55852735 56061602 56270469 56479336 56688203 56897070 57105937 57314804 57523671 57732538 57941405 58150272 58359139 58568006 58776873 58985740 59194607 59403474 59612341 59821208 60030075 60238942 60447809 60656676 60865543 61074410 61283277 61492144 61701011 61909878 62118745 62327612 62536479 62745346 62954213 63163080 63371947 63580814 63789681 63998548 64207415 64416282 64625149 64834016 65042883 65251750 65460617 65669484 65878351 66087218 66296085 66504952 66713819 66922686 67131553 67340420 67549287 67758154 67967021 68175888 68384755 68593622 68802489 69011356 69220223 69429090 69637957 69846824 70055691 70264558 70473425 70682292
100 861205
7527173 7742474 7957775 8173076 8388377 8603678 8818979 9034280 9249581 9464882 9680183 9895484 10110785 10326086 10541387 10756688 10971989 11187290 11402591 11617892 11833193 12048494 12263795 12479096 12694397 12909698 13124999 13340300 13555601 13770902 13986203 14201504 14416805 14632106 14847407 15062708 15278009 15493310 15708611 15923912 16139213 16354514 16569815 16785116 17000417 17215718 17431019 17646320 17861621 18076922 18292223 18507524 18722825 18938126 19153427 19368728 19584029 19799330 20014631 20229932 20445233 20660534 20875835 21091136 21306437 21521738 21737039 21952340 22167641 22382942 22598243 22813544 23028845 23244146 23459447 23674748 23890049 24105350 24320651 24535952 24751253 24966554 25181855 25397156 25612457 25827758 26043059 26258360 26473661 26688962 26904263 27119564 27334865 27550166 27765467 27980768 28196069 28411370 28626671 28841972
100 157635
52939579 52971106 53002633 53034160 53065687 53097214 53128741 53160268 53191795 53223322 53254849 53286376 53317903 53349430 53380957 53412484 53444011 53475538 53507065 53538592 53570119 53601646 53633173 53664700 53696227 53727754 53759281 53790808 53822335 53853862 53885389 53916916 53948443 53979970 54011497 54043024 54074551 54106078 54137605 54169132 54200659 54232186 54263713 54295240 54326767 54358294 54389821 54421348 54452875 54484402 54515929 54547456 54578983 54610510 54642037 54673564 54705091 54736618 54768145 54799672 54831199 54862726 54894253 54925780 54957307 54988834 55020361 55051888 55083415 55114942 55146469 55177996 55209523 55241050 55272577 55304104 55335631 55367158 55398685 55430212 55461739 55493266 55524793 55556320 55587847 55619374 55650901 55682428 55713955 55745482 55777009 55808536 55840063 55871590 55903117 55934644 55966171 55997698 56029225 56060752
100 246500
67097599 67138682 67179765 67220848 67261931 67303014 67344097 67385180 67426263 67467346 67508429 67549512 67590595 67631678 67672761 67713844 67754927 67796010 67837093 67878176 67919259 67960342 68001425 68042508 68083591 68124674 68165757 68206840 68247923 68289006 68330089 68371172 68412255 68453338 68494421 68535504 68576587 68617670 68658753 68699836 68740919 68782002 68823085 68864168 68905251 68946334 68987417 69028500 69069583 69110666 69151749 69192832 69233915 69274998 69316081 69357164 69398247 69439330 69480413 69521496 69562579 69603662 69644745 69685828 69726911 69767994 69809077 69850160 69891243 69932326 69973409 70014492 70055575 70096658 70137741 70178824 70219907 70260990 70302073 70343156 70384239 70425322 70466405 70507488 70548571 70589654 70630737 70671820 70712903 70753986 70795069 70836152 70877235 70918318 70959401 71000484 71041567 71082650 71123733 71164816
100 479209
74025535 74073455 74121375 74169295 74217215 74265135 74313055 74360975 74408895 74456815 74504735 74552655 74600575 74648495 74696415 74744335 74792255 74840175 74888095 74936015 74983935 75031855 75079775 75127695 75175615 75223535 75271455 75319375 75367295 75415215 75463135 75511055 75558975 75606895 75654815 75702735 75750655 75798575 75846495 75894415 75942335 75990255 76038175 76086095 76134015 76181935 76229855 76277775 76325695 76373615 76421535 76469455 76517375 76565295 76613215 76661135 76709055 76756975 76804895 76852815 76900735 76948655 76996575 77044495 77092415 77140335 77188255 77236175 77284095 77332015 77379935 77427855 77475775 77523695 77571615 77619535 77667455 77715375 77763295 77811215 77859135 77907055 77954975 78002895 78050815 78098735 78146655 78194575 78242495 78290415 78338335 78386255 78434175 78482095 78530015 78577935 78625855 78673775 78721695 78769615
100 614777
24135287 24166025 24196763 24227501 24258239 24288977 24319715 24350453 24381191 24411929 24442667 24473405 24504143 24534881 24565619 24596357 24627095 24657833 24688571 24719309 24750047 24780785 24811523 24842261 24872999 24903737 24934475 24965213 24995951 25026689 25057427 25088165 25118903 25149641 25180379 25211117 25241855 25272593 25303331 25334069 25364807 25395545 25426283 25457021 25487759 25518497 25549235 25579973 25610711 25641449 25672187 25702925 25733663 25764401 25795139 25825877 25856615 25887353 25918091 25948829 25979567 26010305 26041043 26071781 26102519 26133257 26163995 26194733 26225471 26256209 26286947 26317685 26348423 26379161 26409899 26440637 26471375 26502113 26532851 26563589 26594327 26625065 26655803 26686541 26717279 26748017 26778755 26809493 26840231 26870969 26901707 26932445 26963183 26993921 27024659 27055397 27086135 27116873 27147611 27178349
100 423874
72138476 72152605 72166734 72180863 72194992 72209121 72223250 72237379 72251508 72265637 72279766 72293895 72308024 72322153 72336282 72350411 72364540 72378669 72392798 72406927 72421056 72435185 72449314 72463443 72477572 72491701 72505830 72519959 72534088 72548217 72562346 72576475 72590604 72604733 72618862 72632991 72647120 72661249 72675378 72689507 72703636 72717765 72731894 72746023 72760152 72774281 72788410 72802539 72816668 72830797 72844926 72859055 72873184 72887313 72901442 72915571 72929700 72943829 72957958 72972087 72986216 73000345 73014474 73028603 73042732 73056861 73070990 73085119 73099248 73113377 73127506 73141635 73155764 73169893 73184022 73198151 73212280 73226409 73240538 73254667 73268796 73282925 73297054 73311183 73325312 73339441 73353570 73367699 73381828 73395957 73410086 73424215 73438344 73452473 73466602 73480731 73494860 73508989 73523118 73537247
100 653646
17634869 17651210 17667551 17683892 17700233 17716574 17732915 17749256 17765597 17781938 17798279 17814620 17830961 17847302 17863643 17879984 17896325 17912666 17929007 17945348 17961689 17978030 17994371 18010712 18027053 18043394 18059735 18076076 18092417 18108758 18125099 18141440 18157781 18174122 18190463 18206804 18223145 18239486 18255827 18272168 18288509 18304850 18321191 18337532 18353873 18370214 18386555 18402896 18419237 18435578 18451919 18468260 18484601 18500942 18517283 18533624 18549965 18566306 18582647 18598988 18615329 18631670 18648011 18664352 18680693 18697034 18713375 18729716 18746057 18762398 18778739 18795080 18811421 18827762 18844103 18860444 18876785 18893126 18909467 18925808 18942149 18958490 18974831 18991172 19007513 19023854 19040195 19056536 19072877 19089218 19105559 19121900 19138241 19154582 19170923 19187264 19203605 19219946 19236287 19252628
100 266189
36534465 36539788 36545111 36550434 36555757 36561080 36566403 36571726 36577049 36582372 36587695 36593018 36598341 36603664 36608987 36614310 36619633 36624956 36630279 36635602 36640925 36646248 36651571 36656894 36662217 36667540 36672863 36678186 36683509 36688832 36694155 36699478 36704801 36710124 36715447 36720770 36726093 36731416 36736739 36742062 36747385 36752708 36758031 36763354 36768677 36774000 36779323 36784646 36789969 36795292 36800615 36805938 36811261 36816584 36821907 36827230 36832553 36837876 36843199 36848522 36853845 36859168 36864491 36869814 36875137 36880460 36885783 36891106 36896429 36901752 36907075 36912398 36917721 36923044 36928367 36933690 36939013 36944336 36949659 36954982 36960305 36965628 36970951 36976274 36981597 36986920 36992243 36997566 37002889 37008212 37013535 37018858 37024181 37029504 37034827 37040150 37045473 37050796 37056119 37061442
1 100000000
0
1 100000000
100000000
100 100000000
725579 3991684 4398646 7220849 7352936 7962743 9492208 10066289 10415282 11551212 11780226 13011943 13572825 14439789 15661241 15717802 16520082 17163119 17657465 17699187 18671636 19504284 22492775 26739521 26808173 28268962 30093118 34247019 34400395 35251828 35936008 36176705 36481158 36786694 36970858 38391664 41473262 41510312 41717783 42274934 42484706 43156095 43232108 43590657 43687876 45719780 48225719 48772355 51289602 51330098 51627930 52659357 53561857 53943326 54120188 55393313 55513428 55877492 56358306 56719465 56854957 57458957 58223836 58245450 59156157 60364573 60682867 61020679 61904198 62458096 62515512 64625351 64644164 65119127 65256771 65737511 66161790 67310805 67380690 69722600 69980932 70077654 71782979 72678680 72771368 76301067 76559110 77494419 77842117 78021450 83228651 89516965 90464168 92107851 92899232 93191498 94201694 96947933 97427334 98420507
100 82644628
326979 1385076 1421341 1546278 1570609 2683177 4190863 4693103 5110408 6830499 8868997 9833409 11409433 11472406 12383780 12404731 13765725 14138215 14936992 15398330 15407253 17483318 18365234 19810164 20185780 20725399 21401707 23634385 24091935 26428105 26942913 29964219 30339518 30617562 32009046 33607932 35150103 35793284 38792006 39342780 40415660 43325212 43869797 44426661 45456436 46311801 47729685 49766596 51281150 53559486 54278353 54349019 54463598 54973597 57811315 58350719 58422975 60956232 61043540 61999835 62642721 63400958 64038216 64254896 64733653 64902532 65223264 65663734 66454566 66547490 67037887 69356600 70984200 71494733 73906981 73938879 75771247 77702540 77718497 78003111 78906492 79915082 81456836 81673535 83292185 84435267 85278604 87472608 89541978 91874657 92948358 93220002 94844773 95999252 97184026 97355729 97708231 98581470 98784759 99717516
100 68301345
100224 716474 3488021 4620288 7741257 8324446 8867758 9926533 11799947 13794784 14393856 14436309 14440363 14511591 16421082 17232180 19296166 19325322 20402312 20681525 22040117 22159256 22248390 23688466 24666312 25839191 27538861 27719639 30269607 32759228 32988044 34442805 35518658 36685794 38505614 39161804 39871911 40094530 40574616 40650751 42279634 44098109 44474347 44520753 45577398 46126197 46307632 46373847 50859348 51798438 52080081 52601753 54090841 56611683 57081199 57194650 58768096 59942716 60409941 60688614 62028534 63342302 63617687 63683517 65248514 67262128 67389593 67829377 68065891 70752236 71172551 72544638 72793171 73306375 73923705 75638561 75936454 76135894 76771274 77088840 78012287 80111479 81211833 81250815 81280655 81598681 86914862 86983254 88484342 90124835 91389438 91584150 91994341 92525486 92588347 93479985 95346775 95517388 95698659 96368956
100 56447393
661447 2424883 9211798 12795857 12940230 13541792 15494232 18234650 18282188 19102633 19322392 19593901 21138730 21224487 21671281 23309126 24236856 25429853 28143278 28281727 28361886 28450633 29198015 29249645 29253900 31511272 31926256 32690840 33725801 34288143 35359737 35531643 35821557 35893436 36629948 37726698 40164637 40860412 41323492 41588836 42179027 43193152 43649033 43898609 43960463 43983197 44918729 45269531 45738755 46333417 46429375 48624821 49625420 52737375 52913752 54299545 54454808 56309722 56796571 57654269 58124949 60637310 60958063 61084549 61219236 61767004 62031447 62781354 63656412 64721551 64819812 66351576 66942477 68991583 69695903 71522896 71798478 72720749 73436778 74352053 74682244 76902948 77548616 80674961 80795026 81462144 82868994 83768126 84095447 84600762 88246081 88892580 89344723 90678782 91903800 93744932 94361337 98010507 98847222 99961328
100 46650738
284559 728734 1110600 5516936 7614081 7966545 8226568 8278196 9952711 10845376 11246919 11303573 12145753 12471749 12690811 14633727 17500726 17874433 17880995 23263377 23357762 23788294 24749061 24832760 25282173 28598710 28937425 29098746 29150650 29176810 31680423 32051159 32492270 32686201 33435282 35906461 36964956 37323745 37364382 37623468 38366708 38827656 39063458 39285220 40684966 40801918 42250130 45870556 49238062 49509891 51390948 52768638 52930364 53708595 54275591 54499547 55058049 55885782 55992463 57417916 57536870 58232815 58730891 61868326 63038505 64791806 65562171 65681849 66346841 68117612 71968993 73381174 75132856 75158107 80258239 82002395 82620363 82633476 82635652 84673731 85214136 85388648 85754832 86184654 87064502 88029343 89282396 89922031 90773880 91877676 92114193 92993210 93314643 94516426 96046386 96328311 97214524 97732638 98525538 99517097
100 38554328
1227404 2123085 4019783 4798593 5608030 5666339 6846108 6878027 7150065 8129304 10371344 10554601 12333805 13894846 14395982 14850236 17146304 21323373 22167637 23057892 23721409 24316762 25349807 25933498 27179155 27408262 27418460 30651287 31284537 33478593 36500005 37801568 39226339 40210834 40751539 42454166 43197860 43785419 45980187 46726718 47425899 49401642 50014826 50468366 50906484 51092109 51107125 54791519 55459937 57333452 57400084 57886412 58895117 59538981 59845359 59936142 62978902 63909304 64908812 65703787 65734063 65859714 67739093 68536399 69629391 70012459 70287037 70403281 71471382 71747060 72813814 74464376 75277138 75493382 77124761 77837847 78211704 79116220 81936680 82631712 82833678 86099158 88316122 88465718 88542923 88962243 89286727 89302885 90319717 90411236 91944176 95552986 95572157 96462877 96997187 97154413 97505090 98386866 99081738 99984121
100 31863081
14941 1892123 2242326 4092798 4155398 4718977 4735244 6947693 6983728 7090131 7114930 8675792 9038637 9399757 10191091 11929511 13194903 13839266 14048967 15054974 16075882 16262195 17343647 17635654 18377378 18711675 22274348 22827544 23637707 24322831 25619538 27513448 29061752 32250185 34250239 36241379 36681154 40092739 40744392 40850923 41651051 42391599 43441020 44134647 44140730 44297674 45356167 45784819 46051837 46925276 48253155 49396029 49891770 49953531 50715653 52213544 52230144 52885705 54136650 54270280 55871565 56667409 57048286 57245110 59109457 59447786 60256706 61392573 63577290 65032494 68741872 73476793 74975647 75452581 76530670 77008152 77174620 79189742 80394293 80413756 81001798 81391753 84228914 84398598 85867484 87325634 90236106 91097193 91642714 93141874 93506509 94478415 94543016 94997899 95082190 95865197 96632355 98259451 99114411 99307642
100 26333125
143226 197658 3251040 4814112 5105480 6723644 7017579 7060326 7115974 11414763 12284498 12995940 14067998 15864471 16215332 16219210 17517597 18648762 20015316 20733759 21555935 22355709 23583682 25243827 25903890 27384024 28234596 29044774 33739123 37749743 38679922 38714202 39062142 40690784 41030846 41164537 42109653 42750195 42903960 44778961 47177300 47727049 48415474 49756486 50970974 51514020 51965474 52080063 52086025 54033023 54753553 56040324 56799356 57591825 60191471 61397587 61494310 64205726 65193235 66997664 68273902 69206129 69997298 70402809 71275278 71415852 73466509 73541197 74088711 74114905 74577619 74885468 74889062 75578444 76465165 77379491 77436114 80520146 82902282 83896929 83910218 86092772 87641508 90212185 90484882 90767982 91472603 92641933 93468949 93797728 93977247 96534126 96956515 97282051 97587093 97688257 97832916 99030715 99395459 99973955
100 21762913
1370049 5509086 5789912 5935902 8377696 9915831 10295975 10564109 10947167 11374108 12774418 14955153 15504521 17660869 17847863 17883019 19846629 21539283 22585518 23524912 25200820 25458437 26023580 28036618 29548470 31801392 32164316 32387601 34001232 34134366 35401719 35914274 38211791 38708107 39510098 42288189 42414239 44844048 46332038 46588822 46592148 47320990 48061843 48232806 48500043 48757505 49928840 50571347 51375449 53965782 54916200 55310128 55493233 55665001 61543366 62322335 62810197 63694702 64477544 64688884 64724038 66139365 67064662 67941698 68754646 69929593 70380572 70467372 71667162 73028415 73753349 74217912 74234087 74358052 74431336 74671171 75578788 75798114 77368160 79191067 79764645 80709390 81682058 82233700 82513351 83088995 83196675 85320900 88676840 89373607 90424132 91457135 92113036 92683395 93995781 95526252 96003471 96296523 97460703 99461068
100 17985878
66562 3837063 4753285 5687532 7423432 7483293 7625317 8189520 10254927 11077882 12824281 13216446 14780441 15086405 16773965 17664886 18849114 19236774 20642765 20671850 23387884 24003137 24019125 24165033 30023978 30175779 30955986 31962855 32312268 32419064 32722759 32790847 33082145 33146320 34254621 34780296 35329892 35810445 35935606 36179042 36650382 37880352 38533213 39296494 39713508 40182247 40589380 40812660 40892078 41206139 41544378 41890128 42193045 42809648 44319773 45231548 48296022 48426191 48840048 49765278 50380743 51070268 51209453 51252736 52831207 55269631 56157487 59124282 59681451 59729265 59773677 64303912 66405840 66613891 66809234 67173452 68359466 69022782 69537236 70280023 70380811 71574995 71713844 71761340 73570099 75224904 76496151 77354714 78374061 80136998 80531995 82518429 82678281 82720677 85972877 90529634 93147057 95554476 96828343 98716487
100 14864362
743360 2107785 2594426 2719489 2838395 3418665 4730325 5142287 5245899 8153536 8167118 10553813 13196078 14039800 16379714 18097556 19513309 19743788 19990573 20674388 21028178 21953267 22719632 23325560 24614223 24703388 24719848 25045409 25316937 25750181 26824368 26965968 27100635 27233503 27236736 27634576 29808432 30231960 32395355 32948109 36963069 38229593 38755885 40497156 41762675 43038566 45109175 45632988 45724585 47540488 49190007 49488662 50725990 50819446 51517805 51563778 52271777 53471342 55821880 56218788 56700361 56757617 59657463 59672435 60881515 61056607 63167696 64497746 64946313 68461181 70365516 71189443 72282676 74325273 77222363 77996271 78023244 80011534 81253857 81501368 81523120 82747528 83227279 83354439 83942523 87656658 87943934 88562180 90397817 91493905 92158963 93794197 94126437 95366202 95520941 96244295 98450548 99073731 99369056 99480249
100 12284597
742332 2131991 2650042 4558925 6314809 9137000 9297376 10271730 10317852 10340721 10476295 11006602 11398009 11792665 13246939 13942116 14895478 15809958 16687984 17649305 18500377 18534151 19420408 21164280 22020691 22642710 22663988 23907966 24300907 25357868 25834816 26315670 27375102 27919695 28007265 28805472 28843388 29457536 32069772 32684852 33110977 33383842 34330915 36618437 36776755 37634000 37794938 38545929 38986826 39121564 42045533 43886770 46811082 47592930 50357475 51616316 51884045 55404544 56053075 56164274 56845698 57423519 59109837 59230928 59430232 60157808 60260150 61401747 63157666 64397082 64593640 64993528 65287597 66334762 68895854 69045550 71785922 72485051 72737898 72927640 72937559 75040035 76339512 76868905 77917406 80616658 81621889 83410549 84993497 85580797 86326293 89411617 89826774 92184717 95371657 95553614 95677645 97471401 98075221 99809997
100 10152559
927524 1504640 2731162 3101487 3658100 4466228 4475827 7575723 7880552 8501048 8532881 11662224 13053571 13202887 14851734 15368248 19599950 20167413 20512371 21823390 21978161 22027617 23123596 23969609 24199106 24728249 24972116 26336383 26339475 28307814 29041666 29516738 29920218 29992290 30658967 31393828 32639169 36727782 38039503 38301831 40160443 43273214 43976262 44384222 45423254 46017699 46704365 46844596 47420470 49114804 49589237 50283017 51849693 52659836 52787281 53344009 55867386 58791937 60050824 62043231 63852696 63911285 64533123 65270325 66281495 66883205 67253966 70788597 71149101 71588458 72238097 72461803 74729729 75038688 75348847 75772362 76874464 79395445 81691992 82261431 82278918 82918885 83857654 85415817 85934444 87209278 87314021 87931722 88032202 89768936 91528557 91675706 93127222 93607785 94576531 94644907 95451675 96298114 96702445 97085391
100 8390545
765601 1229756 1616633 4621604 4864567 5599460 5728911 6286970 6928938 11566834 11905882 12709519 12841182 13158791 13248673 13931499 13961651 13965716 14393962 14991677 17236618 17859397 18377214 20296434 22063350 22882161 25219568 25328957 25442986 27230677 29122736 29719646 36796550 37453970 37615970 38758651 38815749 39025995 39818887 40094068 41163817 41735080 42120990 43065724 43126600 44685378 45421785 45695828 46187639 48000831 48212220 48366474 49955327 50432584 50907822 51370872 51644810 53689899 54028102 54953269 55869570 56537105 59702111 61504775 65599794 65947316 66259343 67263145 68039559 68183193 68780720 69008513 70848943 73266938 76029820 76320152 77529427 77644496 77916793 78334991 82117788 82938444 83639843 85639044 86282816 87294356 88104425 88442574 89112639 89940774 91230656 92195499 94254583 94594035 95607873 96218598 96759184 97570533 98177295 98637563
100 6934334
15742 675993 2290249 2973095 3296006 6282963 10436842 10965383 11400532 12110084 12383793 14649186 14921257 15885675 18650565 19719348 20167505 20418250 21200843 21240717 21496262 22091067 22273116 22442408 23678170 23865565 24016728 24254228 25002319 25060167 25696523 27362438 31722900 32892682 37299794 37557426 37839153 38599394 38915675 39225650 41317794 41743117 42003237 42933365 44744781 45060548 46055424 50626651 52042077 52115287 52223405 53364130 54383274 54601321 55538632 55805076 57101354 57369173 57524461 58556753 59227112 59841744 60138775 61676970 61933121 62124867 63286626 63984748 65536800 65827151 68363568 68529342 70048887 70450744 70626941 71550729 74490460 77261197 77442715 77996875 78244568 79110922 80061698 80775116 80856823 81017361 85084624 88172142 88710312 90330738 91136745 92105265 92426330 92603088 93221287 93518495 96281840 98325596 98636953 98878234
100 5730855
3944452 5272857 5654539 8105852 8510997 10580913 12662808 13984596 14375125 15734232 16466566 18266095 19613138 21321796 21383312 22146367 22540795 22824185 24359494 25100791 25116468 25140528 29652908 31883935 32814225 33483478 33946883 35072468 35123574 35361114 35382609 35896431 36445907 37242119 38014968 39526052 39952074 40339306 40372158 40695670 41213491 42383971 42777868 43024352 46512752 46566397 47119801 47793436 49738760 49879721 50350837 50684824 51186520 51938776 58197243 59108125 59283369 59960639 62701582 63777661 65041270 65525429 65785585 66504748 66945495 67552483 67760521 67801892 68036088 68707725 68739136 68845780 71177135 73977852 74580916 76022938 76513458 77327924 77699524 77784801 78982604 79646376 81507828 81581723 81720496 82219226 82585028 85354072 86046317 86249400 86899015 87343277 87715162 87985935 89095314 90069837 90774455 94096100 94402084 96426583
100 4736244
733776 1030152 2588166 4143592 4651082 5343130 5736006 5743380 7974323 8310345 8344672 8471519 10976053 11438776 12256338 13336881 14438448 15157220 15178674 15231777 15684384 16064395 18518133 19253196 19709685 21405430 21590283 23205468 24145698 25474482 26205478 27664282 29638884 29794236 30031395 30601588 30949466 31146168 32319980 33051278 33283542 33525700 33841423 35242713 35482046 35515382 39995081 40875893 42109970 44018734 45310083 45728450 45840925 46072804 46101787 48288665 48796965 50947402 50991391 51009027 51290168 51772073 52362426 52459048 53512433 53779561 54644392 57126667 59010923 62386514 63169528 63715506 67245634 68006312 68061946 70450102 71928982 75139839 75233862 76193215 77289653 77609585 77713053 78154529 79413880 82356382 83396893 83906011 86981556 90860210 90923775 93228620 93690730 94034088 94479417 95700268 96565636 96777694 97042296 99967248
100 3914251
146813 1267990 2228697 3377701 4924643 5845495 5952944 5976322 7792064 9936067 10027016 10175441 10276328 10770723 11532955 15126958 16918615 18100727 20669480 20725767 20770569 21018735 21426735 21903984 23232300 26363354 29306397 30694560 31571161 32578739 32795773 32864196 35594633 38658184 41324584 41648462 42777985 42898039 44155251 44243395 44888993 45035041 46958758 47155594 48357231 48522528 48793803 50329987 50985820 51348582 52862183 53661461 54036954 56248871 57665821 60783194 62972861 63152641 64318857 64628930 65606434 68144262 70178707 70539206 71252091 71311110 71644877 71672457 72981507 74566133 74923099 75283513 75789502 76123223 77043335 77682281 78262160 78283250 78285747 79243708 80254817 80651528 80881218 82234702 82286449 82596041 83727533 84387383 86186620 87650175 91586814 91986907 95045079 96924623 97393830 97898133 98185081 98491612 99748958 99855187
100 3234918
4522997 4820545 5345005 6555484 6819776 8163729 13980417 15695601 16408321 16483670 16746134 17197343 17617870 18336653 20300768 22042493 23645250 23937209 24372023 24499549 28335253 30181390 30544232 30592198 30691700 30761298 31425975 33249367 33426380 33718208 34280627 36101443 36141896 36340598 36384547 36710506 38707229 38847988 39241884 42159852 42858931 43819284 44019335 44255069 44572809 44989802 46904864 48972749 51093080 51894337 52857828 53928792 54287899 56243159 56311494 56419508 59506777 60110489 60203626 61285468 63863811 66938597 66947094 68482022 69865655 70392679 72119517 72601591 73690138 74581122 74703396 74817358 74845118 76588099 77963823 78748077 81238592 83269883 83356502 83967388 84658995 85541475 85844689 88136757 88585916 88759873 88990435 89022415 91597967 91632677 92799357 92973866 93063005 94111595 94570298 95306733 96249134 97145463 98345406 98870078
100 2673486
1097696 2996766 4151849 4671413 5317214 5581634 5801368 6293626 6981062 9035135 9226625 9912216 13945916 14012009 14069108 14728547 15212299 15417369 16562176 20691421 22330261 23406279 24022169 24146320 24256753 24335373 25649282 25874886 27704022 28055267 28574803 30941111 31282190 32025560 33191220 33200485 33518835 34739002 35175091 35681451 36466672 37726628 40219153 42716596 44946932 46665672 47586270 49962423 52141506 53766672 53920172 54365188 54806741 54878411 55478357 56278147 56584066 58004367 59721563 60843512 62531548 63777766 64131857 66091750 67395159 68780561 69062230 69344962 70101366 71154983 72433431 72488442 72805513 72835304 73301930 73765316 75188408 75869144 77401639 77923399 79575628 80198474 80430803 81718643 82359844 84308589 84991824 87741663 87804991 89866786 90066085 92180057 92809758 92817285 96225852 96405041 96732546 97143026 97150429 99067642
100 2209492
1387545 3824753 4014045 4662200 4983839 5567967 6478890 9429836 9507897 9669759 9723362 10559664 10574216 11842158 12521797 13345914 14291470 15018663 16229022 18272710 18636801 19369236 21411349 21968202 23979946 24026105 25008885 25269805 26679479 26712345 27074117 27414417 27477404 29603148 30075437 30374958 30805577 31787374 32435125 33003879 34540350 34982449 35538611 35964876 36027385 38455475 38472188 39140347 40163987 41076977 41664774 45048811 46740668 47440838 47481646 48032301 49074500 52829587 55609492 56241074 56347179 57459192 58002900 58242254 60227584 60320704 60411964 61120310 61415584 64216206 64430670 67477715 67791661 67921366 68110989 68576799 69777967 70210492 70768749 71177611 71350428 73607904 74983364 77353749 78044863 78782561 81232694 84288637 85703608 87527393 87698451 88187225 89019647 89697022 90103074 90436064 91783479 93084676 94194957 95093340
100 1826027
275639 478925 509781 1887266 2459746 3047992 6142947 6201862 8134542 8636036 9726295 10015809 11275379 12114080 12251132 12877728 13857220 14276986 15451695 17580615 18595529 19184774 20134044 21418159 21420192 22106679 22164128 23829107 25045841 27931525 28592761 30805284 32265738 34384240 34391486 34837067 35568147 36224241 36458147 36882900 38922491 39687843 42609994 43830215 43839068 46143970 46501529 48377675 49266539 51152335 51475553 52313964 52501037 53476458 54822527 54919950 55087816 56546796 58311399 59616450 60041490 61212215 61862599 63106001 63826518 64077528 64808765 65010569 66527525 66663965 67628381 68198888 68476152 68978354 68982062 70932852 70974483 72246163 74426134 74468059 75101055 77543823 79435249 79753999 80210405 80387872 81435575 81562129 81613085 84472772 85933192 89744814 91217442 91627940 91779531 92740377 93636421 96074536 98719684 99281048
100 1509113
989350 1853014 4211943 4432664 4663798 4805850 4833932 5807963 5837929 6090885 6492114 6522766 6953343 12461635 12742220 12936370 13558152 14234905 14341316 15645386 16649681 17440596 18792258 19445703 21003201 21772332 23017291 25226881 25578003 26442887 26972332 29238570 32541214 32869495 33473077 34013410 37189837 37283869 37393605 38052381 39156170 40087257 40150753 42654915 42691241 43301568 43796803 44432401 44848678 46149997 46314438 48365266 49773199 50161705 50986592 54058448 54778752 55818095 56365565 58823486 59001351 60330263 61033177 61479305 61946209 62782135 62797970 64684854 66190371 66298560 67342281 67482236 67631865 68135676 69149417 69200235 69866944 71977159 72632284 73139954 73552288 75731959 79044154 80316063 83505384 83598609 85502572 86983133 87959848 89100191 89853597 90812413 91105287 94398257 95902350 96251458 97014361 97332880 99125181 99809408
100 1247201
2203186 5084091 6862172 7878973 9472918 9528941 10705586 11507895 11911724 14851728 17881365 17982848 20364160 20795739 21296643 21673812 26333730 27046988 27277372 27783783 28164564 29468597 29509880 29570783 30082134 30530065 30569642 30699007 32270982 33249379 33249828 34515277 37004333 39663676 40086305 42096257 42784774 43749732 45677424 45798236 46412200 46689369 47184006 47801862 49205667 49753727 54461112 54570235 54923860 55427699 56233637 56371099 57487311 59284991 59799523 59881461 61081257 61697178 61842531 61997196 62435122 64616411 66077515 67635361 68884809 71779179 71853830 71868563 72400597 72917322 75022014 75212400 75654173 75740955 76269771 76672394 77271088 78254794 78981249 79761171 80131413 80473021 81864033 83787298 83914421 84171910 84355560 84666266 84706312 86755398 86871340 88014607 89228318 89340275 91295358 92986984 93245743 95243845 96287683 96508162
100 1030744
977631 1595154 4555055 4800286 4923127 6051414 6938221 7907016 9014225 9521459 9668853 11703729 13088065 13505834 13826298 13904343 14694456 15878812 16200282 17163092 18487676 18531256 19067697 20366378 20569587 22152144 23627095 23866923 24203288 24738580 26309261 29010712 29369570 29701422 31108712 31810942 33557099 33866513 34006960 35327162 35567519 36686480 36720362 38384723 39450916 41553568 46736987 48316895 49612041 53995719 55335863 56909686 57294198 58797725 59134410 60380687 61488610 61563753 63531433 64139467 65755630 66057147 66084043 66940168 67389454 67535113 67977095 68748258 70718659 71232997 72375571 73477473 73943826 74627970 75683217 76764006 78366001 78644639 78772388 78987944 79954966 80798979 81650109 84800369 85399683 86360468 86404197 87672528 87864805 88360187 88608568 88711696 90306132 90580064 92230245 93103724 93965461 95110769 95468866 99336713
100 69321
161068 163246 163427 168289 168616 173468 174278 174349 174378 177904 178747 183755 183892 184966 185484 185980 189213 189259 190496 193009 193805 195506 197419 199340 200099 202350 202726 202744 206005 206011 211311 212505 214734 215352 217203 218096 218766 219035 221448 221999 224642 224759 224784 225514 225598 226698 228062 228121 230225 234544 236208 236766 236911 237696 239719 241853 242281 246936 251969 254147 254406 255986 256510 257402 258752 260065 260606 261270 262171 262214 262540 264881 268861 269087 269441 271347 273233 277205 278280 278291 279841 280277 283865 284679 284749 286667 287076 289423 289538 289558 290014 290621 292062 293633 293986 294079 295818 297376 297619 299710
100 38791
807506 885088 904261 981843 983731 1061313 1086872 1164454 1198719 1276301 1301314 1378896 1388404 1465986 1478225 1555807 1576266 1653848 1664455 1742037 1744669 1822251 1839573 1917155 1922427 2000009 2002755 2080337 2088602 2166184 2193028 2270610 2295839 2373421 2378903 2456485 2469970 2547552 2584227 2661809 2684155 2761737 2781612 2859194 2895038 2972620 3010450 3088032 3108940 3186522 3205835 3283417 3304569 3382151 3408311 3485893 3514611 3592193 3616349 3693931 3707582 3785164 3817175 3894757 3906602 3984184 4022568 4049681 4100150 4102353 4179935 4205217 4282799 4319969 4397551 4417411 4494993 4511330 4588912 4591437 4669019 4679793 4757375 4782293 4859875 4874939 4952521 4989955 5054202 5067537 5072153 5149735 5171329 5248911 5267557 5345139 5378096 5455678 5462021 5539603
100 51365
260010 261274 261960 263435 263690 264485 265488 265622 276734 286443 290679 292902 293939 294551 294860 300553 303209 303394 307231 309828 312748 313281 317215 319881 320684 320995 322657 323844 324563 328232 328265 331963 332331 333206 334254 335089 335501 342357 342574 342584 347420 350038 350677 355135 355539 356279 358303 361112 361166 362740 375465 377047 377602 377963 380173 380940 387612 387649 388677 392124 393108 394303 395986 400780 400995 402476 403585 405932 410486 417034 421391 424324 427940 428942 431442 431589 433311 436028 436157 441747 441986 443009 445876 448696 457921 460207 464446 466816 468088 470943 472755 473130 474442 474665 474844 474932 475582 475814 477232 478195
100 88326
300185 476837 517099 693751 739567 916219 941660 1118312 1192698 1270190 1369350 1379350 1556002 1621429 1798081 1806561 1983213 2045620 2222272 2269348 2446000 2446611 2623263 2678422 2855074 2856297 3032949 3090153 3266805 3307345 3483997 3487111 3663763 3711355 3794740 3888007 3954166 4130818 4159078 4335730 4381585 4558237 4608609 4785261 4808755 4985407 5009632 5186284 5207687 5384339 5451792 5628444 5668966 5845618 5866786 6043438 6072536 6249188 6252095 6428747 6489783 6666435 6744490 6921142 7006832 7183484 7269535 7446187 7470258 7646910 7664030 7840682 7892451 8016073 8069103 8155443 8332095 8352367 8396143 8529019 8576239 8752891 8791371 8968023 8990976 9167628 9246967 9423619 9448625 9625277 9685594 9862246 9881396 10058048 10098779 10275431 10358959 10535611 10544519 10721171
100 42150
227908 234976 235271 235903 243351 248402 252940 253087 259346 261232 265127 269882 273742 273991 274511 276612 277792 278717 281157 282805 288646 289147 290111 295244 297480 299095 306066 307991 311063 312208 347092 347343 350250 352022 360863 362719 364740 373365 374786 375353 376820 377235 386509 387909 388457 390017 390246 391547 395200 395937 397996 402810 404042 406630 407098 409284 409661 409668 411899 413643 419579 420308 424140 425218 425604 427396 427589 429910 431392 458026 460068 461379 461757 461761 462417 464812 469015 469300 472083 485595 485971 498390 498640 500915 507746 511215 511413 511824 512576 513317 516348 516643 518901 519706 519754 521828 523615 527638 541589 542326
100 59561
622533 641865 741655 789186 908308 925385 1044507 1080612 1199734 1238549 1357671 1364622 1483744 1509167 1628289 1641104 1760226 1819209 1938331 1989503 2108625 2150721 2241295 2269843 2321477 2401269 2440599 2488779 2607901 2662011 2781133 2839936 2959058 2985076 3104198 3106150 3225272 3260939 3380061 3383186 3502308 3520588 3639710 3688082 3807204 3830798 3887335 3949920 3978360 4097482 4099852 4218974 4242784 4285293 4361906 4374335 4493457 4497520 4616642 4664949 4784071 4819141 4938263 4960800 5079922 5096862 5215984 5239990 5359112 5413344 5532466 5591338 5710460 5724423 5843545 5896247 6015369 6033206 6152328 6209361 6328483 6361890 6377887 6481012 6534821 6653943 6688864 6807986 6849083 6968205 6982429 7101551 7159254 7278376 7296454 7415576 7440996 7560118 7601908 7721030
100 37501
207242 207758 208951 209071 217878 224144 230596 240392 241913 244168 250549 260027 261902 264769 265544 268249 269759 273223 282244 319225 320172 324191 325192 328906 329529 330200 332248 332387 332420 335641 338385 342521 348673 351598 352079 355236 355632 358866 359110 361177 365835 372494 379492 388269 388902 389160 390089 394227 416960 423107 425650 428598 428664 429492 431966 434469 436898 439566 444764 446143 455660 458199 458902 460334 463077 465641 470437 472679 477638 478625 482920 485156 487396 491374 491962 514141 514547 516594 517325 522832 523595 528184 539766 540238 540300 542217 543478 546143 554773 556494 558411 559615 570038 572074 576032 576291 585528 588527 588908 589143
100 86012
795561 967585 1008300 1180324 1212499 1384523 1398087 1570111 1610159 1624876 1782183 1795719 1935467 1967743 1980050 2152074 2228942 2400966 2409844 2581868 2657757 2829781 2915488 3087512 3100106 3272130 3295458 3467482 3517652 3689676 3704804 3876828 3881079 4053103 4064292 4236316 4295695 4467719 4490061 4503143 4516385 4662085 4682538 4854562 4903017 5075041 5112966 5284990 5324677 5496701 5542767 5714791 5782311 5954335 5957750 6129774 6194878 6357530 6366902 6436649 6608673 6686240 6858264 6923550 7075451 7095574 7117888 7289912 7303884 7357370 7475908 7479220 7651244 7687802 7859826 7915155 8087179 8158487 8330511 8408394 8580418 8655923 8827947 8861359 9033383 9097902 9269926 9311108 9483132 9534593 9706617 9770783 9942807 9999990 10172014 10226566 10253860 10398590 10405436 10577460
100 68020
599833 609491 612650 614624 624943 626924 628964 632457 639238 645562 655928 671785 683764 685692 688755 712698 716937 721611 725760 735873 751368 774564 774875 779466 809095 813518 820917 830048 831283 835008 842159 844583 846052 854040 854837 861797 864747 871458 887408 938835 959441 972901 975042 978946 982328 985981 995475 996155 1005938 1005979 1027305 1027607 1045281 1046027 1054309 1054462 1061096 1065906 1074875 1134206 1139320 1148922 1151900 1152885 1169728 1176094 1179021 1183617 1191489 1200057 1201857 1202391 1204587 1218906 1225317 1242127 1244499 1249170 1252619 1257852 1266096 1268320 1270246 1330214 1332220 1335836 1344101 1348226 1356967 1404329 1413366 1415511 1415528 1417383 1420996 1426199 1446335 1449345 1455173 1466254
100 26191
874238 926620 930742 983124 983719 1036101 1052133 1104515 1111102 1155793 1163484 1179256 1231638 1243817 1296199 1308599 1360981 1368097 1420479 1437319 1489701 1504017 1556399 1570092 1622474 1628180 1680562 1683578 1735960 1747959 1800341 1815337 1867719 1876405 1920363 1928787 1951533 2003915 2005871 2058253 2058407 2110789 2122983 2129058 2135638 2160996 2175365 2194912 2247294 2267782 2320164 2321808 2351352 2374190 2379594 2431976 2451235 2452918 2503617 2510353 2562735 2575821 2628203 2645426 2682767 2697808 2703056 2730412 2755438 2770665 2823047 2835638 2888020 2901481 2953863 2963198 3015580 3028726 3081108 3081422 3133804 3146212 3150792 3198594 3207657 3260039 3282077 3334459 3356428 3408810 3429218 3481600 3506226 3558608 3573156 3625538 3643411 3695793 3705481 3757863
0 0
