76
93
30
40
77
80
59
40
63
80
101
65
61
54
60
60
75
26
68
60
46
50
78
51
69
39
85
50
58
52
22
59
76
111
77
86
41
59
53
65
75
50
37
40
66
71
93
65
72
71
64
58
58
61
73
72
88
73
70
59
54
64
78
56
67
86
47
58
73
70
69
55
47
83
109
69
40
59
31
63
50
43
92
70
70
48
96
63
77
112
37
58
57
20
59
63
79
33
26
59
45
48
54
76
33
35
56
54
77
40
77
59
59
45
43
61
86
33
56
52
62
56
67
89
30
125
54
64
89
107
60
79
68
65
53
60
78
68
51
65
59
51
39
52
54
90
67
31
59
58
44
23
61
97
37
40
54
50
92
65
49
47
48
62
46
69
65
15
44
53
73
39
68
46
44
88
72
81
78
88
88
90
46
77
68
56
86
67
81
58
67
37
84
83
53
92
61
40
50
63
97
75
68
49
66
69
69
59
49
71
79
71
54
115
79
91
88
53
60
40
41
126
73
57
58
105
60
73
56
73
52
49
84
67
54
36
88
68
49
42
59
61
70
71
68
31
29
40
29
112
51
52
80
43
103
57
36
52
69
55
80
34
49
50
71
96
67
129
54
68
96
87
45
50
69
52
68
72
98
46
56
100
60
74
54
101
50
67
80
30
74
97
51
82
40
47
31
36
54
24
61
39
92
52
72
80
79
64
93
55
45
60
53
44
39
74
95
52
87
34
59
54
37
61
86
68
51
54
62
78
29
64
61
88
87
85
55
89
39
49
31
49
62
71
65
18
65
52
43
67
54
49
33
80
72
79
58
47
31
64
60
63
77
71
40
48
78
59
55
58
64
96
81
60
74
79
47
71
61
38
76
75
102
94
76
33
61
41
33
63
63
67
50
58
39
56
33
81
62
46
58
56
52
78
72
41
67
75
73
65
91
81
66
103
78
41
68
43
50
42
102
152
35
59
60
51
74
89
71
39
87
55
55
51
49
66
43
61
79
54
35
49
54
54
64
55
49
49
79
50
54
56
41
83
53
80
69
71
64
68
42
72
63
35
60
65
81
113
38
84
77
39
34
80
88
87
68
88
95
58
40
94
40
47
46
68
78
63
58
49
70
58
56
81
55
61
83
39
80
51
30
71
82
98
105
43
77
55
52
46
59
95
51
120
58
57
63
62
37
41
63
46
72
61
77
50
68
64
57
87
64
44
89
50
65
106
86
48
61
67
31
73
95
71
55
71
67
39
106
50
49
114
63
42
37
63
63
42
72
64
40
57
53
41
74
52
120
48
55
85
80
50
61
64
67
42
60
44
41
59
65
73
71
94
65
38
80
50
58
49
96
62
37
46
50
38
70
34
88
51
72
98
42
58
73
92
73
131
58
58
58
51
28
58
37
73
56
71
59
58
84
68
112
105
43
48
47
79
43
65
42
65
43
43
47
26
51
138
55
106
82
58
61
73
47
33
66
53
53
85
26
67
41
80
49
35
70
66
60
68
54
76
67
25
47
65
86
59
74
59
33
86
57
60
64
35
77
29
122
51
37
95
49
79
56
39
70
68
48
68
90
83
59
44
75
56
45
54
47
71
73
50
30
73
66
48
77
100
52
40
69
55
64
63
40
77
76
84
66
59
36
69
89
33
70
61
29
45
86
63
85
79
32
51
79
56
77
56
70
66
60
37
54
65
60
84
147
68
49
46
108
75
50
77
61
67
91
53
88
84
107
73
47
72
71
35
57
53
74
48
54
104
38
31
73
67
58
74
43
65
60
50
54
119
83
71
55
96
42
67
77
39
37
70
65
73
98
46
76
73
62
66
32
57
92
90
50
76
47
77
62
34
67
74
91
83
39
67
47
40
67
40
36
48
57
84
47
70
68
77
35
63
90
57
68
64
65
55
52
71
56
52
101
52
56
50
85
53
65
53
29
58
51
54
61
79
123
59
78
90
55
108
64
41
90
76
57
79
44
80
56
61
90
36
43
67
44
80
70
70
96
45
87
63
52
34
41
19
86
74
65
69
55
59
94
49
41
43
54
79
80
52
30
54
77
70
83
100
61
90
69
63
53
51
55
73
96
30
40
76
60
55
53
67
71
70
81
58
63
55
58
40
109
45
85
32
88
50
66
70
44
72
69
41
59
56
58
41
101
62
53
123
60
108
65
60
64
50
48
17
65
57
72
57
46
55
43
66
64
47
47
60
47
38
50
23
77
40
70
52
62
20
67
68
63
64
64
45
51
95
71
55
54
23
30
68
76
91
66
91
31603737
13797812
114248496
11442096
37870148
18945632
22073960
67009733
12287721
4980821
56720779
26120313
53789360
18899679
10396538
27281868
115304291
10733401
8689574
38843120
19088374
13951911
82381616
165216732
120934369
18090122
117482378
16230189
10288763
17487207
2129510
249434
12800752
36576948
68638115
19577687
53390323
73649689
20431602
50932805
1914585
34259818
4149832
46916566
55222606
37074601
15295533
2066897
257693544
7888767
85561996
23182834
11002035
18093614
102530822
26828315
23327740
10647381
561823
1484498
23863032
7224101
11829500
25106269
15342762
5420736
56751206
43805673
26987184
2613422
50608780
6713987
7639499
37148396
29429851
219567
4892456
9887949
253693
87079699
16526058
116579893
40562164
5486276
817502
23074965
6325688
21413146
8145660
87415
30839767
69505934
232535075
2579225
96658015
58351
45989387
1870702
15290867
8519693
43898396
64120159
61663737
12853299
29661325
5910969
97779809
54856879
131564491
22986977
48391940
81570789
38232809
9840859
3219462
2620993
1729233
5411733
24021475
40755226
13779222
88075763
70672311
15588133
59266579
25597960
60653503
2186317
4454774
8544053
207605
19168253
2290949
24554623
67041316
31196942
16368982
26426092
57470347
49245817
15571263
7432036
34858147
7431454
27819622
20688175
21172564
13214643
1357858
3162541
19894843
67713908
41353062
23716559
23853859
10959189
41728165
986195
44831566
40944696
35177146
1021027
593656
5248036
5519112
39920910
7417938
97428430
48880671
264239
33996742
91687070
41348175
60380154
29871876
27617787
1712217
100361289
3560681
6837947
16980968
29588468
150075064
15353085
82452524
67879336
5012893
10910994
37281129
10190668
2083287
51659130
31650047
61557923
26642458
27255387
1408531
19424415
5050702
2215552
10471862
42932791
15200815
23917974
25611401
3328151
33891536
18020941
20502647
9797602
35691146
18180323
24117202
1077867
56334487
38622435
20436073
23529563
1007169
23571558
121725528
38026432
48988185
74721087
16051363
12327
4444279
11080047
73398474
36406037
9364511
53053749
11538533
12748582
1814652
84603378
16266833
10343583
624505
147890
4799958
81871348
13719805
43846349
64114309
68322240
23786363
62846135
1533637
1618725
11651624
26553003
42353949
34445126
206233231
15133097
42405374
142903144
6475736
16949089
40067156
29959654
13047002
17514024
27173654
36212125
35353306
11334783
36336817
3074312
32918847
47055572
10502040
51621694
97431831
24355417
73711012
26721104
58224162
22889369
162634056
10759129
32810610
24734804
10685199
15205176
34133485
32309482
14026158
3581839
7576631
35554589
21726066
25207644
15317726
38106606
17616277
9249825
67262425
42792388
189549735
10863944
12371851
652387
55870835
8230955
22270391
36104879
26411683
134371459
10234959
5937124
55277909
4694600
45508402
4365245
70873944
63066010
54200816
22098235
82281646
6854654
90542043
24706642
15410342
66066766
2655518
66382847
13234961
12292472
662276
10495698
103962920
30647886
7974077
178394431
13360748
2114575
38178143
80278656
22812998
42709699
46423377
57902002
37484286
130294246
13773572
7077082
120539138
57040683
105042172
19254019
9941717
3122034
61332887
13400134
161139830
23987580
27375709
21455926
50258480
1433163
50784583
72703126
24724701
39431861
33515961
5121406
17218034
62177404
7445837
13981603
34931224
7725270
29470027
18845022
29413956
11989732
9115453
32946967
17834425
81974340
36686433
15983684
22939075
1995820
23667413
3906851
8210839
69359244
10761443
6133518
6771588
42281274
6848222
25995377
25857481
293922
35349281
73169421
44898308
13432934
47643609
7001113
68047858
34845827
12291911
22460163
71489703
4960208
51149852
21329305
27157915
579253
13755051
30112371
12225556
106669209
44044738
286687
90858491
85558310
93181109
42925653
17527694
40629422
12234825
9634
29135844
4962042
26274779
2192492
8090161
96864547
40756554
85814048
28243566
515017
18600305
111916917
4828022
635134
6734922
5276852
25228358
17496196
5170071
27146862
61119348
130751003
70465395
4417961
34716911
34980635
24739226
34242733
13356037
60833683
3143421
2666061
19660618
9932013
7167486
194455
24673740
38647736
38601164
55266249
35396878
2778434
12574922
38301916
1756086
6899991
34787360
39749867
45585140
33388121
29319176
4289353
117890057
54435408
24361187
56053631
68753955
1306771
17665175
22202944
86720456
34678505
3211346
16095655
2047465
54542729
17352504
6777575
43481324
13843552
15230775
10912494
60824683
160663323
7673075
102387259
41716414
5911456
53474739
40114945
67099377
47038849
34320231
13488431
32066686
19536981
93045759
9682800
36951386
8640157
115107588
47603
13834085
4797829
6879556
2762416
49189526
12703383
87193174
4170582
28071476
63236514
25025237
4731754
3899611
20621403
116768130
10737837
29913371
20105872
12373975
42929937
26253082
62125317
42895630
38941578
14459213
19272084
10079607
34647592
7251680
13514859
112058
57869996
62845141
10071426
2150664
48693925
22918271
43515496
5938320
39941947
83316755
3574989
7067040
6931677
11956696
3728675
24110562
11065735
74442392
6292996
42303488
4332827
53707069
7217095
90595114
79502740
1442764
34062416
26971498
1127601
8786405
22304516
14107610
1488586
41584208
6080492
30972129
15175413
99180872
1515206
24981036
29574082
112887701
69868104
13898586
50786639
5660670
8230651
39732617
9968602
47723114
18483347
19946064
4331421
55767732
2087778
97752894
96543807
115806845
1860506
67440587
51051580
12402137
26913567
72664992
6463986
8822630
18427293
95152020
27936694
1575308
20095577
47768271
8159620
18853921
4931890
25578182
22650303
19411956
64653412
2207735
50354606
29528244
15008007
6027463
592169
11041913
7790479
110758838
28788179
20884905
55913653
18668801
59870277
6734116
5187080
2440054
64411009
58157678
28838988
21432413
98650627
56615084
9408301
74423248
16528589
42202680
570047
64688401
10522524
34855028
27110477
21007952
18789949
98295138
10147711
9094248
12676795
35500415
100489810
34638743
7036762
27304797
5999468
24725120
67958697
2975725
32344088
22941381
7068382
7826425
30447282
12874027
56085628
5691710
2687197
12320008
40227380
30853084
35850913
32911549
17990179
14453577
17538626
37867326
3993622
86900098
10745262
5151005
173674864
2148712
124324689
6574327
3412014
70165866
6656161
7872674
27863961
11439154
3328027
20676249
9504479
11086171
35760670
32910681
19095774
7381955
14144089
2502046
16206667
2940628
1898927
24019277
1095019
1643587
19042774
2701335
27354452
1167526
16262279
24489490
62009739
12375250
15064849
48239957
67216078
93941877
3463415
8211413
31229219
22340955
17355148
26199399
37373490
14943193
33860719
7710612
7929851
109580899
13408787
43125249
21789055
7419871
4827301
46649468
25040288
21963307
965081
36819044
50521993
23782385
6448525
1689789
78386842
22196759
10296241
52876096
7732804
63687711
7418259
9858406
15483679
75276978
124603619
62313836
11993379
52579223
11565213
31441099
27289161
29611895
15839528
55067478
56937067
12015068
40644274
57947103
23333276
9204511
25381929
20148945
28408114
16532463
63104388
29683374
37617398
51885164
8269451
30328311
58725974
12544885
31519093
321770
7953257
62422371
7986549
13795940
4386791
74862122
46185950
86963355
64390481
14128574
76099624
2308242
10118071
29066196
16082828
15516056
47093714
11712969
50183857
3172295
48302904
66176334
12712930
268696718
31414894
74586968
81612681
53795406
32100864
19286004
30326859
17269141
18927680
32170571
29859686
35773412
326605
75637669
8529310
397862
25185957
108789065
31309570
45956724
7492970
9310804
12741992
42642336
36155893
39830480
80093197
36062277
4965118
39384469
69495286
97158414
107057087
20175410
11142167
44588155
13439271
77643286
71796
4886585
28368427
83589105
3290888
17685130
88350515
10793247
26669038
15281584
10255751
4402960
80422169
21802045
299080
132258337
25068612
23946184
10292221
12222720
84343429
31759353
107628473
12024369
38913426
8785878
36378083
25867829
79885612
5352959
25062889
21010772
17755604
764360
73528890
10057517
25684379
19862021
104042740
643375
84789230
26884688
38494047
84866468
35303143
16776283
49515127
161044520
3476713
4210302
7887431
24191657
8928492
37967343
32736363
8109954
32198319
52954898
17978420
18333546
9631259
15080752
86654871
57923331
35839494
770110
26396963
38159126
38421811
20232957
51475499
10743778
1668447
70196761
5156965
47759738
22992356
30440136
34227871
42582048
34072307
9922256
14175207
3408551
10355112
20845234
11930220
15992062
1823435
32711740
14892525
67118357
14737110
12123156
45095721
17237259
65516377
66196178
131813640
55382116
11946439
9408605
29766086
1224531
57945935
32247968
835177
4177436
24409726
23027414
29756757
39118541
47495452
22634036
58216795
16891832
5493450
43919872
20270344
40980773
101619353
437670
1830799
32179922
14412671
14036095
12387757
42131127
8990401
102685358
53035913
37648715
202988
34582539
25770479
18075209071
19472683599
18811526405
19872140428
22634400806
18540676752
17248983490
20806571127
17878729841
18551872439
18821616036
21350313233
21286627595
18422283630
19355854889
20502061565
22096288443
22422758851
20724400246
19992140904
17376343863
21060354708
20513949368
18714868096
20401823477
21915588480
19648841133
18801306114
21028756793
21910227480
17512099289
18329782300
19085907129
20938561208
20502400953
18402453103
17827965453
20881140077
20254975073
20548873278
21371436502
18942281754
19084314864
18724716289
19371290881
20271860808
21080069890
22566747513
16977843426
21031680853
5746120192
7131264324
4899851583
5294659881
4878176617
3945133600
3360415207
4864950455
6564100150
5864734719
4390071661
5183455801
5998577582
4232612766
4683990833
4728424403
3755268699
5301711792
4592680147
5641879642
4880829306
3903291799
4491075246
5491650005
6459979450
4867256265
5481337276
4701296681
6672698956
6837565744
4319944975
3459604117
4839127478
4880626612
5153868007
4642605154
5575149699
4630581617
5780516781
5412162098
5967964865
3594025820
5403219394
6562226912
7180013923
5369986824
5099076666
4676047304
2280432101
4237615769
193574998
167354410
55681767
85895608
7191663
17874093
41838290
84027172
37596029
70043346
279537881
121928604
43453644
129964034
23035136
57461069
254004143
35891533
177744466
70703622
15045226
54978741
165802506
53607471
44012246
43707551
121996812
106001415
124814417
93397142
115635114
68140469
27664759
52033115
91550614
41695178
118493822
20853263
118801849
73133193
73241225
67716640
42920492
65588419
75309045
22448338
28939091
103135573
191748709
8949899
131264664
58822931
28051342
59616294
45362364
54752896
74088557
31491694
95386907
133769157
83374109
40778457
47048078
156687561
31882350
80104288
51965347
39501643
11145164
78174548
180636147
61334955
58568236
8658777
67957324
71526237
92070953
5726707
139847008
124021259
32133911
49898747
57418632
140314363
108143369
2903801
32186748
77248290
100782467
41371445
170363850
22118361
34605008
27820881
185877483
157635046
44818671
20388944
1425961
152047215
73572742
67497872
97044722
70090044
66870654
49812814
17271429
3529795
86708825
51261551
72569991
48846870
35647294
55025109
9010900
131726004
26957832
50747548
84325817
54879732
44505230
71323451
40348566
19740412
71633197
70179983
110965280
42663520
72575455
38003099
22475841
40810175
48262184
43466714
43965479
35305134
23371584
53157383
51869077
40304432
131759092
111185314
83510530
12524961
98082903
38261667
91878927
58104790
59798561
7519576
65787
46483554
33853535
21541379
28452912
68338563
24686778
27159504
33283366
14850213
150972207
53940883
46314438
23730847
51248513
2274965
43584589
49501714
103653916
7695323
44945702
46301810
49472239
65553139
163893440
25688918
108930256
30348756
27728145
132533807
13894454
73947868
40273461
173662538
10028653
39848463
9764367
111204102
49876168
20563452
38763791
30165604
6335795
27168409
23903098
103400794
69418625
7617140
57037514
80863639
6422861181
5641123385
5770556957
5525238749
4176705564
5060888440
4488941382
4413438945
5270530957
4289169838
5370494880
4632553467
5794934684
4057218323
4893410814
4731289189
6805911576
5543525645
4774798728
3142607567
6010487238
4814339034
6726189540
3603115111
4228095923
4626668554
5702080301
3235659765
5368612028
5632124545
8335897059
4967709860
6245813703
5610401726
6575234319
5181690774
4339937355
5169812336
6651454767
5940517067
7107378848
5268428531
6047675242
4861514097
5346096238
4475896898
5732887641
5189911266
4390378983
4963348639
252267626
72587580
452646535
252126460
887779588
141808878
409807623
32552465
465460703
608589955
822254211
980740394
141682424
47059712
868607817
999864048
516694377
348445713
167521441
749914568
665708518
122611725
634767694
56299529
409054474
584486956
268327661
351741998
181934529
213752353
884134704
605662907
378674460
977086744
244430587
150920962
769324807
136546276
459325732
926991831
659438468
7837392
64770513
698916840
314279543
247860231
125749371
874105400
205704622
81431350
859667013
540551201
894844171
536103330
176534839
226472625
61634497
154073302
836610304
380689194
143379055
233811459
995361153
486762430
2683063
523539678
499284413
908299460
729674266
947196897
349267909
555789621
942821079
742483788
698135234
65479287
427730484
592845994
510474552
388606664
25554191
371317390
98057055
392253184
755231759
617190803
658995517
240697199
542869204
862430387
459874811
703355050
56675455
664810158
355515068
135770831
168153827
570576271
903101766
430949817
204399260
727802381
458801342
131047376
151282774
204514562
495047215
864082461
422114894
612439653
282410428
517157907
584436243
562352010
973336751
982274115
986255106
757294154
832874197
59125567
964189171
592054422
859902956
33366436
778368419
756269770
866008811
642774005
505651124
608747560
889982619
83439759
951222080
312128073
473656523
896407906
674221688
503403239
821906425
402119563
26046818
323417767
604762679
400952949
929075377
142135335
711969594
178741544
965756505
913160326
