6
2
6
4
8
6
10
8
4
9
9
5
8
7
2
4
6
5
5
5
4
1
3
3
4
1
1
10
4
3
10
3
2
9
2
5
6
2
7
8
10
7
3
9
8
6
10
1
9
6
8
9
2
5
9
7
9
5
10
2
10
3
9
10
7
3
3
6
1
2
7
8
8
3
2
4
10
1
1
10
1
1
1
10
7
8
10
2
3
9
1
3
9
5
8
9
7
8
3
7
5
2
6
9
1
3
5
3
2
4
4
10
8
8
5
7
16
6
7
10
1
8
2
17
4
6
9
7
4
3
8
1
1
5
13
9
15
11
2
8
6
3
8
7
6
10
14
4
3
4
9
6
12
7
3
1
5
3
2
2
5
1
1
2
9
12
11
3
8
2
3
1
2
4
1
8
14
8
2
1
3
3
3
7
5
5
9
1
3
1
17
10
10
1
1
1
14
10
5
5
4
8
3
10
1
2
4
5
5
9
1
8
1
6
3
4
3
8
2
7
6
5
2
7
4
1
8
2
5
1
4
5
1
6
7
7
3
5
3
4
2
1
5
5
5
4
6
5
4
2
3
8
8
1
5
9
4
5
7
5
16
5
2
2
7
13
6
10
7
6
5
3
5
5
3
2
16
14
4
6
4
6
3
1
2
1
6
3
2
2
4
2
7
8
5
4
3
13
4
3
3
1
2
1
6
3
1
6
6
2
3
2
2
2
2
4
8
6
1
2
4
14
2
6
12
14
2
9
4
4
5
3
5
3
1
1
2
2
6
6
1
3
10
4
2
3
10
2
1
3
1
2
6
1
2
2
4
11
1
3
10
3
1
1
5
2
7
5
2
1
3
6
7
1
5
1
4
24
5
1
2
5
6
3
10
6
5
10
20
5
5
2
5
12
1
31
2
1
5
2
3
4
4
1
1
6
1
2
3
2
2
9
6
4
1
5
6
19
1
3
1
2
3
2
5
2
2
4
2
2
2
8
1
4
3
3
10
1
3
3
3
3
1
10
2
2
1
1
1
2
1
3
4
3
1
1
5
1
3
1
2
2
1
1
4
3
3
3
6
1
2
3
1
3
4
3
1
3
2
3
5
3
1
4
2
1
1
1
1
1
1
3
1
18
2
3
5
5
5
1
3
1
8
3
1
2
2
5
2
2
1
2
1
4
1
1
1
1
2
1
3
1
2
4
2
2
1
1
2
1
2
1
2
2
3
2
1
1
1
1
3
2
3
1
2
3
2
1
2
2
1
1
3
1
3
4
2
2
1
1
1
2
1
3
2
2
1
2
1
1
1
2
1
3
2
1
3
2
1
4
2
3
3
1
2
1
3
1
3
4
1
1
5
1
4
1
3
2
3
1
809796900
663880500
641262855
185377647
925127442
358676843
374613223
309019079
910446754
395609391
623620711
875513577
765851172
139397404
472080394
313920008
171150173
158183745
81698479
857044801
243701735
569210103
839136086
210915789
419821494
571214663
570283150
952495197
908612715
750529685
939159129
425912818
400961929
275228997
604355155
227065644
714729061
582491876
170595144
382369120
968555197
342387109
272922811
926100956
53393613
325455582
327153513
527891662
584903689
959954496
592423
274480598
948729360
581601058
770790118
696947404
766450903
894480216
691690626
400813482
224192839
20015053
217417358
439888939
622696186
134425137
334287480
912135294
928372656
474686491
113361846
168265943
988656322
170842227
168245438
842562400
856722850
444769975
379459245
506491118
600251894
723203732
880838804
116681674
383924214
736853950
482773387
732938863
978690521
517608145
239892724
899807822
985984804
331600859
854627448
34889039
808831092
188206506
436880761
730473614
99703652
130799211
1257934827
478393470
509721396
582806089
538935008
62473856
410109325
507482319
281462979
340626895
187493589
380784491
155856396
726002356
26404
271247031
833774250
204610356
147767068
188340291
340561136
86522235
986389140
286369615
1278259531
556222243
268879954
342981020
449618346
222494178
534306095
144893688
491303102
172309455
298665615
262681342
1579070968
1593411704
510384836
932004321
327014100
312744761
739126053
946524205
83754707
549418683
851541915
559389202
345025895
492826108
193617057
60752286
2642144
420784384
316296399
323592145
415094625
408578285
430272854
685258998
505009997
759758735
538026164
131759784
419397382
441347680
591738615
630549122
689666103
1450760177
893792364
995018381
259355175
923876694
5045733
244955112
579048421
68353901
475595187
152170206
730626674
741618593
360625025
889710201
144597391
330282633
552515600
827733798
827800698
203122337
416786545
280709484
367607755
214918326
241623570
109134787
295783746
1145112342
6401004
260711074
89718560
53177546
221134218
460599568
511660008
44986504
919236133
257072508
362577715
150020059
226656812
66282887
195381677
1001242904
605128884
634328709
177498718
46986137
272869429
9809496
211431604
481168279
642397260
496572793
446846216
829109680
605832032
1532707246
592518286
321538394
220375834
670702071
769760645
547929640
1408331165
1206644399
532235007
658395172
317417012
289924104
103075362
33398026
1723985884
263748489
632916007
345143681
787120455
371840438
285615563
408627770
578862432
574970654
967006513
827172905
323200853
1343111832
916118170
748403619
577710192
716216545
885171294
7498805
168591211
54804205
511409481
215148820
621139242
865665658
2211223806
367930080
460346317
945286808
659232048
655782768
626470725
282249136
219602134
427380458
1465473956
130048215
1018992913
107140214
90197719
431425088
191272623
184295716
248551403
439845988
69907747
33404017
42871772
472371124
1402065747
763127809
314819738
189919282
612594357
63241178
269096284
190810822
7053394
194962037
554859323
379949109
12043555
89753275
337449524
12855751
243808653
117840044
81706736
651351165
459051157
38832539
25065467
856730057
211705524
6496481
111993517
19552168
1201308294
17911937
275401411
2311770538
331465419
1061808554
614739173
40307955
476560795
26364074
233047655
135027503
656701157
697653257
200164976
1898340292
607495853
151180075
571415215
404817307
187460543
353406296
90207496
309289060
332893666
70171507
326335301
86604860
34815416
551470566
12470846
664354922
479401765
51710738
355083845
576456626
303334227
700574242
448921461
94577160
440423717
34645124
394284211
570494511
26423212
122286413
418295771
29215544
8730359
81146894
1398651937
331093420
204560345
464526136
202729339
5924327
823755085
31931606
115391900
87916885
77127399
221211232
549836594
808142723
23639744
13462663
749637
301175711
561922523
2265300
545098811
828022759
108124148
395891585
185084021
357825814
530262098
921678972
98937292
12521731
1085524065
412728560
441394965
157596615
90485867
97304320
20942318
128584674
275479784
73615596
119624112
141694022
210425814
72629392
74438705
28423031
74844442
14535621
32227592
361549508
57879785
65265752
135371010
67398980
115491826
447473886
106979603
157220909
104081092
253768278
362661197
208196635
527137004
250086466
365113746
659316085
146698672
211675604
108870368
124624733
135627883
334095827
12493379
151756045
836901
89894278
106653426
12985197
105291417
320005613
64808648
48876419
226814697
553886196
247826411
472035605
199415993
122598728
69878158
415465439
34433800
194214620
37381271
539012029
432687236
252882854
32841227
91489257
580155767
15504100
320202791
584446512
16951602
212552647
381614954
26987966
212835012
32852480
148041300
478393756
397993695
263719544
180195706
491128950
80584087
261997812
230082193
176640603
428824157
236009719
45940951
89511724
515559533
311237442
230038489
12571719
64863191
237647550
260613107
40834890
111462433
357987
152271424
129360583
65858492
96455608
2568025
83966385
26443364
113268582
77692051
95345151
87567767
51497651
167881364
248754874
8847167
42274261
170213272
8596776
174268159
1394716
13252594
14979980
17168437
70425900
236787551
40373149
541491123
264910319
115588066
101910366
9589598
119192407
37540273
167408473
104489903
133055472
89571815
148035141
61595547
226979248
86713275
36871043
223841492
191867958
4256234
134141234
154086059
87912171
31282790
104716669
108749264
3142398
128579408
306553911
152086291
185064820
9299181
52489630
110202373
163126782
272969377
111538289
83732340
223488353
94701778
202532956
15723288
69930122
4917167
303346764
297180518
34284127
28736981
43170936
227124142
85703434
39319391
6640029
105291544
123693473
77808629
47676547
201023202
24688890
199009316
179370689
42296391
84491649
7427450
179498938
50604500
131907664
497458459
135097484
19234105
301209084
1880501393
1666063719
1492775085
2001548263
1306438937
1546989544
1202318876
1571956727
2082187902
918931984
822578267
1758287866
1067801212
2119068105
1293095424
1193788674
1217827122
1630495033
1123963565
355966000
1150881989
1421530870
533818954
1973155568
1704319279
1964790415
2006232535
1091994533
1252339778
1573598125
1310181434
418285278
1818068390
1876328581
843328554
1520819143
1929550045
1499383246
1416426195
320177662
1502710445
1163484109
523733283
416505703
613899774
1007179571
1095808023
1206799249
610817196
1156276470
991117997
707697803
1198013245
820817288
1300934315
1251129853
293025075
1367819918
338610491
874738530
176494208
201309289
127891320
556782779
102015047
931766014
375225910
592672365
528631042
879968942
235221406
665036210
1066273424
882756732
985223366
378138055
1117874674
144634959
826884248
599011542
515633346
726581080
308962464
577463500
312130478
1095112814
1484684579
598455063
244128352
222224888
341263526
1228436077
761843499
378122528
730106413
954518919
604005776
363264945
537914429
1248563166
854886914
883497969
1313573993
216833618
779287289
775783086
417911909
729354322
512015172
555852072
383539267
1075654454
352962783
689531562
696409189
499664373
1103866051
320221107
617594088
534233724
860571998
364427463
474430808
714185788
908066006
788927442
683411845
556496953
146831759
549845893
444990641
454875549
84047898
753717116
624263373
381721340
978056910
342657518
739443996
649539888
338741627
624874096
507799094
777638614
623498471
911274364
467017168
355261647
250809771
346267867
430976559
330890446
583203489
334812597
417444800
107182812
552515306
417936613
494505444
319627306
324213270
882070431
429312816
524474166
551847720
761606693
658310522
302915755
427727551
16488657
792076718
616061821
84671982
230429909
804698364
247358908
168327312
171676221
37782374
263205522
607672897
735018645
858922552
783902736
162221914
273772135
597550761
658694983
415669375
532399051
817353441
444106413
332153398
631129139
446927915
578289569
150848056
569706946
313180939
749328602
234376598
288795331
101985758
181884915
319459727
34518813
101781852
512291899
487580073
19564976
223774514
745857420
424338360
530459832
495913894
95390455
202059829
123052857
401566376
752003742
648459950
330944457
240548272
13117460
158076624
271720112
759746703
227441029
161891625
225989874
296936121
532752592
107045927
513167569
677646746
484610995
741114970
399516512
150278099
387126169
2229787245
977550423
2426921614
2417025482
1067708246
1716502697
1007104026
938846629
1966665070
2188587053
1991950345
2007238455
1531954351
1839987672
2315537639
2304045316
2364650146
2313202177
2311403583
2953587601
1715846906
2495961141
2115750351
821448287
2312381801
2796169500
2204984017
2625134711
2027097966
2655021923
1837828122
2150820480
1205925309
1062557406
1130010184
1951574176
1551285622
2184462006
1984780062
2242743856
452707106
922533534
332444662
478513579
975548339
1005221590
253666356
708537858
921536458
194140672
356980241
570274805
631922748
321663475
422517833
816711708
941958344
836026075
443339756
401362891
649968089
300067146
716732513
421709134
373938844
580198632
365929815
878590184
679094740
253617844
1549187690
821546803
477783039
204672216
365238059
959042877
381185018
164546364
402873419
348703144
375555546
714786439
980782740
450442735
816168822
1267512226
879733309
539265447
1351293756
353627006
1113088361
743200535
902881052
566440913
466783436
149939045
207900607
298421588
391464243
182198817
814226545
596822921
833470437
153979558
405568619
519428275
670041591
672444608
1088089978
876855285
283459718
254443782
568280719
209688229
925644801
505615165
243756391
960054087
296829068
416292950
111647571
525844344
536456803
121338956
454968500
314530869
639040445
313723704
186560120
232758045
818168830
313296528
247440471
482518868
224923161
525039450
489221507
528935338
347043147
612115314
398760539
15303576
239098050
278015618
772231627
709992744
447965867
246350030
479250970
568604632
267962921
400612737
342829162
164120854
353104971
570001896
354570389
530977789
770675777
734452146
250245671
91774198
115758667
542163240
319930199
302682417
521757643
574422340
644945045
449801377
100271077
263010940
185645708
136362298
308034713
647892189
673979204
550333970
174550481
615199200
242675206
213935411
669446418
222802007
349487616
20591787
432620921
204297002
48126585
685264515
303970088
402705268
296086729
537047253
179407313
425794988
481022373
656154488
435286422
166972767
72512189
309397203
539096902
497303642
56015331
267847163
424420081
76673147
438438105
272862144
112873936
570818738
674252078
163710668
567626504
229727314
254083521
354192364
358468862
466144828
16561779
644192051
124977147
500011381
179130264
517826046
143647686
211919330
419282716
503162686
549688753
109576907
171055701
14712140
631600006
571799917
405847699
410110960
264974275
282584397
3235315715
1954816347
3264125010
1433874948
1963636557
2690645141
2234097249
1957410345
1260905938
3447536314
1896075938
1882859186
2958333488
2236526277
3482918352
2922379179
1900113750
2058221027
1346276515
2786758551
1833334288
1878022873
2440568650
2356926736
2275625004
3148202246
3282281455
3158559981
1984835751
1536982031
3330364276
3439742301
3072408258
1375854435
4208491350
2465952277
2379879267
1732059527
3440161687
1963832473
2059162633
435607408
1486199680
1005567730
1067324043
828867028
1101835633
1130934495
1048661674
1252427329
346154118
1690510579
1268977542
762036077
558337848
794856418
1129233268
951980530
1093597191
219537402
1268301079
991611730
707274859
938890653
1260202350
845088559
1815007812
711680396
746259515
1069177372
954162946
994953640
1362077555
944703456
413956727
1026681923
1283231248
934775166
1145854910
858320565
489215041
1243211853
391114632
702668010
278591030
663400806
906889156
1573338542
219001414
1041183923
449147180
95837744
861289116
200880252
93114570
333602163
1669510809
742676190
146992159
642329511
514608849
1082818122
171588742
277299826
487107801
347661431
1164775379
284186656
205991619
703675027
489537522
767154592
809449649
871270006
1191392627
325145450
964229884
644692880
896569479
109556353
389098052
387335308
462720069
147676405
20780113
326390606
123366410
438627543
55574527
658610934
255308454
218900652
677289198
119741926
213589180
169686838
472067454
30956310
616680989
770816396
552894260
85333024
752530336
248751011
376466290
390658091
245613892
573428207
121856366
649518520
329850429
313582041
341073944
483299599
221746437
259464920
109343621
561323651
47604642
162324491
181432029
656849549
149657984
89638764
301513558
508278567
332784822
96918101
628203714
155714929
532817614
528586131
795519038
535836213
105202643
772346194
114009112
618831088
370847351
359321806
396731312
395326800
255302556
575124587
101686175
131047241
76894377
190303875
391060924
89096212
319084708
592728955
551843488
140463882
530410959
118435637
300719602
545410132
499923866
222026770
93925658
229028468
736655311
37385678
349758245
251771886
234322236
491237776
8125904
200930323
466006699
435208428
57439887
85909988
126088605
160150006
460939019
702049156
130028229
117244425
732972759
455940671
320310926
335979868
490241717
629486541
130388948
290699024
58921733
278257823
97223567
476707555
326424173
550264694
482232137
532959811
370262524
310166612
48755180
18302735
5429832184
5619001211
5542188531
7265692504
5336793084
3877720119
3754639158
5660914624
2750836411
4443002057
6141972161
5875912570
4888214687
4645115427
6003823492
5005253521
6070472877
6332156395
5447756931
4578336641
3845258015
5620284300
3830563455
7879483051
6024705596
5892299104
3947695210
4622924304
6058619934
4420793825
4303472901
5771382589
4026825687
5665520818
6036244200
4256389365
5959961164
3434939590
4288699109
3397236467
774170419
939503550
1284395251
1140718582
1025009956
1089540012
641417542
692711546
908441264
549476968
1146541293
1286548360
1674393824
449940908
663137155
1615794275
1344027304
1684648804
1664350644
1779551969
837038162
2446353516
1468234647
1659235995
1308762304
1861661370
847621125
1413920451
795107926
2229081495
774524812
1052582984
1667764585
1294336222
1475225952
783232561
764664027
887668184
1009712441
1589339290
606350946
180473777
256560654
99634274
501122055
388364660
319016799
26681501
216534729
191552291
501157494
205591349
337933540
617562156
477830806
426361056
71010543
308815753
529555160
97118116
89187790
235475399
358652922
57826897
425687398
427834189
512286838
648427322
73606150
379430103
661833405
424862423
477319584
290062382
289356926
339303815
227131126
123638265
144193959
350757043
156752029
81072465
93569969
190142841
316563640
164291293
326315657
139926540
60870216
57960344
191757329
15859814
157406864
258749286
115602676
272284757
32088303
73404507
174262076
182978511
214961183
197998449
708206401
191864125
488097298
304672540
661767233
108640223
418705225
131548564
211310885
93181476
118569940
243229448
88931215
405552284
266539039
187680672
673361740
239179918
59911188
285968935
202274412
272932769
70815015
222377429
200618958
86446116
138690011
296372548
241515102
68015052
111313528
81264797
181910789
448809549
324580956
245191112
329564728
197854274
72653851
196603053
105599639
153911628
189567427
172424414
221266305
65964488
127360339
126107811
454161346
85812394
86500739
374722963
106288097
225439573
31928706
428214732
68735553
520028118
76999969
177140256
72452496
410334269
215889813
455590986
148300884
24716259
301550852
103846501
95377780
185267115
213929792
92052572
107121961
94390334
91147095
25582845
268465719
27829548
204687127
153802669
70937236
465167581
149767418
87813591
87610141
144320455
310052621
210610652
28210342
167701227
2652648
332568740
179899357
87537919
67884769
259932534
416765657
371750197
8885705604
10446895959
9623880948
11489775761
12612930073
9247732824
7857065665
9226092233
8551812236
10761693092
10662443925
10104200766
12080098432
8182129094
9626009020
11813473266
11358464125
10845686807
9395445923
12081263858
9502035923
9192115219
7948288433
10834176699
9672561617
9264333918
8994755554
10105068910
10515080825
10283713602
11992227452
10136829061
9450151872
9205765484
10298476165
9686745018
9537436111
8817330374
11066177676
10183078768
1376661640
2541793931
2346542252
988709145
2833515475
3028043765
2510752903
2162112475
3174039399
2613515100
2737301732
3755039193
3100993923
4077072756
2818476360
3787988840
3566062054
1896293578
2542401766
2544657642
3470213966
2114901409
2528117062
3964762216
1960128146
2571681246
2516692987
2653477556
3188319629
2892785930
4034733200
3429971958
2611540767
1382459582
2419836692
2052609582
2361473129
872439926
3314506113
2789913429
147633861
258098423
156221978
94642615
73039747
63680080
216959725
167834154
56432710
208747558
80100361
69874333
200848825
217558369
140683110
219434672
69694454
212642782
181611375
293741206
57203142
236345091
143898482
116127367
300636874
136592965
205649351
475059315
117643477
363484053
74227483
99376100
438813626
104767040
432247932
83697228
143249809
76285218
224547354
137333074
96061783
108335436
157623795
90728754
66732701
126137513
88657614
24182645
218726189
49110097
101386420
173743428
261347178
81167669
184171567
106123125
90615366
34992259
114663127
71600855
87282263
44487858
102043942
121470612
54468819
179691838
232473679
55265889
148762661
84100501
74793898
44978425
104346929
164889277
295892298
197866566
274263311
52320672
178155329
193735136
1608130
19016848
29795314
23614002
15990590
127032865
203888937
46360641
49888125
30418724
90871530
142103023
129738840
140499897
66649900
375348260
217046571
137162187
113396611
104191416
116739376
372391872
39495114
24136021
276927764
261850602
183614369
49550612
177824070
67427215
162141344
112242006
68702501
63677366
255221652
80247011
89501633
58818805
65074399
136982049
24836783
183029669
14892252
60674786
214768005
135734604
182009365
50960759
15794656
65187057
108303270
57420769
66634204
148324293
153272234
85736514
79864187
143546419
152528275
86532998
55910056
77948026
88463952
273086312
182428655
48148923
64771164
94152745
15055717
36473779
170901916
76497129
69162536
61389409
120813930
47944043
20803134
69952832
71955263
30652548
7568556138
8310412356
10115366440
10624269226
11538621257
10062051334
8261265693
10209093777
4647162787
4889343090
7408823936
4897133484
7065931337
4889525624
4876521978
7041569533
4388842092
2347072958
2662852581
3018234511
2419072483
3130154444
3473828611
3361784259
354219009
816141926
922010082
608243258
1842285499
557582121
1233439144
1656427900
124156836
506439698
496461546
78571247
267887220
375520535
759990532
1005304123
46620268839
51004938014
46243057546
48310675676
51307469157
50350995668
51352443575
48618086729
30259475105
26669411957
32273774034
25617555914
29159384691
27837386438
25851805178
25378504238
12627595801
10520970117
12784090363
13870054871
10113885767
18913892123
12821397169
12479564491
3174212532
3378535478
3791033634
2887021442
2900813486
3925840868
3882628511
3829358933
48151672
86450954
11678360
50653661
45720722
18792315
912010594
1010794185
1145266233
336313626
759250920
198101665
664243268
206755405
3010945228
108873897
133191548
490936699
796632900
5519608722
762244627
874088454
186602193
10826760386
891975504
941619275
6190284968
2088488103
