1
1
1
2
1
3
1
4
1
5
1
6
1
7
1
8
1
9
1
10
1
11
1
12
1
13
52
4 11 4 13 8 2 6 10 1 10 2 8 3 5 7 9 7 13 11 6 9 7 4 5 6 2 1 5 12 10 12 13 8 3 13 1 6 3 2 11 12 9 8 5 7 12 10 9 11 4 1 3
13
1 3 12 9 5 2 13 8 11 6 10 7 4
5
11 13 3 6 1
4
13 3 5 10
3
3 3 3
4
2 2 2 2
2
12 12
6
2 1 2 1 2 1
4
2 1 2 1
11
4 12 8 11 4 6 11 3 10 6 4
21
4 12 11 3 5 12 9 7 5 6 6 4 3 8 13 11 10 13 3 6 9
13
2 8 10 11 12 9 6 5 7 3 13 4 1
13
1 2 3 4 5 6 7 8 9 10 11 12 13
13
13 12 11 10 9 8 7 6 5 4 3 2 1
11
4 7 10 8 3 9 5 6 12 11 2
8
10 10 5 3 4 11 13 2
15
4 13 13 11 5 5 5 10 4 12 8 7 6 6 8
23
10 3 2 12 5 9 11 1 11 12 8 10 1 2 4 9 10 13 7 13 11 4 7
41
10 1 6 12 9 2 11 5 10 9 7 8 13 4 6 12 10 10 4 4 6 13 11 13 8 1 11 8 1 2 2 9 3 7 8 7 2 13 5 12 1
8
11 1 9 5 6 13 11 8
15
9 1 3 7 1 6 7 8 6 10 8 9 9 6 8
23
12 10 13 9 1 6 5 12 9 2 5 8 9 4 7 3 10 3 6 6 10 11 5
41
10 8 9 13 10 5 6 3 4 2 11 12 5 13 6 11 10 11 5 9 4 7 12 2 3 1 2 1 5 1 11 13 10 12 12 4 1 9 8 7 6
1
3
4
3 3 3 3
2
3 4
8
3 4 4 3 3 4 4 3
3
3 4 5
12
3 4 4 3 5 3 5 5 4 4 5 3
4
3 4 5 6
16
5 6 3 4 6 5 4 5 5 4 6 3 4 6 3 3
5
3 4 5 6 7
20
6 7 5 3 3 4 5 3 6 5 7 7 4 4 6 3 4 6 7 5
3
7 5 3
6
3 4 5 6 7 8
24
6 4 5 5 7 5 6 8 7 3 4 6 5 4 6 4 7 8 3 3 7 8 8 3
4
5 8 7 3
7
3 4 5 6 7 8 9
28
8 3 5 5 3 7 4 6 3 4 3 4 9 5 8 5 4 6 8 9 9 8 7 9 7 6 6 7
5
5 9 3 6 7
8
3 4 5 6 7 8 9 10
32
5 10 6 3 9 8 4 10 5 9 9 9 4 6 5 8 6 4 3 10 7 10 3 7 7 7 6 4 5 8 3 8
6
4 10 8 7 3 5
9
3 4 5 6 7 8 9 10 11
36
10 8 7 6 7 4 9 8 6 7 10 4 11 6 3 8 4 9 5 5 3 7 10 4 11 11 3 5 3 9 6 10 5 11 8 9
7
5 8 10 6 3 7 11
10
3 4 5 6 7 8 9 10 11 12
40
6 3 7 12 7 12 8 9 3 8 6 7 6 9 3 8 9 11 11 7 11 4 8 9 10 12 4 11 5 12 10 4 5 6 5 4 10 3 5 10
8
11 8 3 12 7 9 5 10
11
3 4 5 6 7 8 9 10 11 12 13
44
12 6 4 13 10 6 7 11 10 11 9 8 3 4 12 5 6 5 10 7 3 10 5 13 12 3 12 8 8 8 3 9 4 11 9 6 13 4 7 13 11 7 9 5
9
8 13 9 12 7 4 11 3 10
12
3 4 5 6 7 8 9 10 11 12 13 1
48
13 10 13 10 6 8 6 6 11 8 8 1 13 11 13 1 3 6 3 4 1 7 4 12 3 7 12 7 1 10 12 9 11 5 8 5 4 9 4 5 9 10 9 3 7 11 12 5
10
9 1 3 11 5 10 6 8 13 4
13
3 4 5 6 7 8 9 10 11 12 13 1 2
52
1 2 7 12 6 3 1 12 7 13 8 7 8 12 3 4 10 5 1 7 4 11 11 2 3 12 4 5 2 10 9 10 10 4 3 13 1 11 13 9 8 9 6 6 6 11 5 5 13 8 2 9
11
8 4 12 7 2 9 6 5 13 1 3
13
1 2 3 4 5 6 7 8 9 10 11 12 13
13
2 3 4 5 6 7 8 9 10 11 12 13 1
13
3 4 5 6 7 8 9 10 11 12 13 1 2
13
4 5 6 7 8 9 10 11 12 13 1 2 3
13
5 6 7 8 9 10 11 12 13 1 2 3 4
13
6 7 8 9 10 11 12 13 1 2 3 4 5
13
7 8 9 10 11 12 13 1 2 3 4 5 6
13
8 9 10 11 12 13 1 2 3 4 5 6 7
13
9 10 11 12 13 1 2 3 4 5 6 7 8
13
10 11 12 13 1 2 3 4 5 6 7 8 9
13
11 12 13 1 2 3 4 5 6 7 8 9 10
13
12 13 1 2 3 4 5 6 7 8 9 10 11
13
13 1 2 3 4 5 6 7 8 9 10 11 12
52
1 2 3 4 5 6 7 8 9 10 11 12 13 1 2 3 4 5 6 7 8 9 10 11 12 13 1 2 3 4 5 6 7 8 9 10 11 12 13 1 2 3 4 5 6 7 8 9 10 11 12 13
52
2 3 4 5 6 7 8 9 10 11 12 13 1 2 3 4 5 6 7 8 9 10 11 12 13 1 2 3 4 5 6 7 8 9 10 11 12 13 1 2 3 4 5 6 7 8 9 10 11 12 13 1
52
3 4 5 6 7 8 9 10 11 12 13 1 2 3 4 5 6 7 8 9 10 11 12 13 1 2 3 4 5 6 7 8 9 10 11 12 13 1 2 3 4 5 6 7 8 9 10 11 12 13 1 2
52
4 5 6 7 8 9 10 11 12 13 1 2 3 4 5 6 7 8 9 10 11 12 13 1 2 3 4 5 6 7 8 9 10 11 12 13 1 2 3 4 5 6 7 8 9 10 11 12 13 1 2 3
52
5 6 7 8 9 10 11 12 13 1 2 3 4 5 6 7 8 9 10 11 12 13 1 2 3 4 5 6 7 8 9 10 11 12 13 1 2 3 4 5 6 7 8 9 10 11 12 13 1 2 3 4
52
6 7 8 9 10 11 12 13 1 2 3 4 5 6 7 8 9 10 11 12 13 1 2 3 4 5 6 7 8 9 10 11 12 13 1 2 3 4 5 6 7 8 9 10 11 12 13 1 2 3 4 5
52
7 8 9 10 11 12 13 1 2 3 4 5 6 7 8 9 10 11 12 13 1 2 3 4 5 6 7 8 9 10 11 12 13 1 2 3 4 5 6 7 8 9 10 11 12 13 1 2 3 4 5 6
52
8 9 10 11 12 13 1 2 3 4 5 6 7 8 9 10 11 12 13 1 2 3 4 5 6 7 8 9 10 11 12 13 1 2 3 4 5 6 7 8 9 10 11 12 13 1 2 3 4 5 6 7
52
9 10 11 12 13 1 2 3 4 5 6 7 8 9 10 11 12 13 1 2 3 4 5 6 7 8 9 10 11 12 13 1 2 3 4 5 6 7 8 9 10 11 12 13 1 2 3 4 5 6 7 8
52
10 11 12 13 1 2 3 4 5 6 7 8 9 10 11 12 13 1 2 3 4 5 6 7 8 9 10 11 12 13 1 2 3 4 5 6 7 8 9 10 11 12 13 1 2 3 4 5 6 7 8 9
52
11 12 13 1 2 3 4 5 6 7 8 9 10 11 12 13 1 2 3 4 5 6 7 8 9 10 11 12 13 1 2 3 4 5 6 7 8 9 10 11 12 13 1 2 3 4 5 6 7 8 9 10
52
12 13 1 2 3 4 5 6 7 8 9 10 11 12 13 1 2 3 4 5 6 7 8 9 10 11 12 13 1 2 3 4 5 6 7 8 9 10 11 12 13 1 2 3 4 5 6 7 8 9 10 11
52
13 1 2 3 4 5 6 7 8 9 10 11 12 13 1 2 3 4 5 6 7 8 9 10 11 12 13 1 2 3 4 5 6 7 8 9 10 11 12 13 1 2 3 4 5 6 7 8 9 10 11 12
0
